compound,neg,neu,pos,recommendationid
0.9369,0.0,0.589,0.411,50389697
0.2507,0.181,0.567,0.252,49289090
0.8622,0.0,0.61,0.39,58564659
0.8126,0.099,0.417,0.484,147006145
0.0,0.0,1.0,0.0,86109120
0.4215,0.0,0.263,0.737,66598773
0.0,0.0,1.0,0.0,49817269
-0.4588,0.072,0.895,0.033,50372448
-0.7964,0.78,0.22,0.0,49300731
0.905,0.0,0.707,0.293,11049635
0.7125,0.091,0.738,0.171,10873344
0.9528,0.086,0.722,0.192,49215473
0.9328,0.058,0.766,0.176,51084257
0.7717,0.0,0.806,0.194,10988269
0.8228,0.057,0.83,0.113,49188442
0.2914,0.0,0.696,0.304,69261819
0.4404,0.0,0.0,1.0,62040946
0.5106,0.0,0.891,0.109,64380114
-0.6149,0.102,0.8,0.097,51233621
0.4404,0.0,0.256,0.744,40120968
-0.8494,0.105,0.87,0.025,50074400
0.9557,0.035,0.795,0.17,39869014
0.9711,0.057,0.744,0.199,10190249
-0.3818,0.137,0.739,0.124,50038930
0.0,0.0,1.0,0.0,84192419
0.0,0.0,1.0,0.0,22348571
0.8948,0.069,0.791,0.14,9772083
-0.7311,0.135,0.778,0.087,49723235
0.9346,0.045,0.719,0.236,49304366
0.5723,0.121,0.76,0.119,50233577
0.993,0.016,0.754,0.23,15628491
0.6696,0.0,0.308,0.692,11224505
0.6239,0.0,0.423,0.577,11914566
-0.9172,0.152,0.79,0.059,49619266
0.1027,0.085,0.836,0.079,7615211
0.6361,0.0,0.634,0.366,99886028
0.9935,0.047,0.681,0.273,85497291
0.7072,0.0,0.812,0.188,9835109
0.0,0.0,1.0,0.0,66699226
0.6461,0.094,0.697,0.209,47474687
0.6369,0.0,0.714,0.286,21282277
0.87,0.051,0.85,0.099,37985521
0.8748,0.118,0.645,0.237,50087220
-0.5574,1.0,0.0,0.0,47689451
0.9273,0.072,0.628,0.299,83399185
0.0,0.0,1.0,0.0,116734744
0.9886,0.043,0.807,0.15,55109756
0.6249,0.0,0.196,0.804,61485003
0.9196,0.0,0.594,0.406,69149671
-0.3182,0.141,0.859,0.0,74866219
-0.2263,1.0,0.0,0.0,103005072
-0.6295,0.237,0.596,0.167,49469948
0.9925,0.09,0.789,0.121,45660576
0.4464,0.053,0.876,0.071,49301515
0.9625,0.049,0.824,0.128,28305583
0.2626,0.078,0.847,0.075,109838547
-0.9428,0.137,0.783,0.08,49332600
0.8856,0.076,0.697,0.226,50276629
-0.8242,0.118,0.857,0.024,43920218
0.7814,0.083,0.698,0.219,132849765
0.9093,0.026,0.886,0.088,43748097
0.4404,0.0,0.961,0.039,49510916
0.9865,0.105,0.714,0.181,50803970
0.3612,0.0,0.8,0.2,67537000
-0.6489,0.133,0.828,0.039,49342126
0.0,0.0,1.0,0.0,50255908
-0.4344,0.365,0.635,0.0,50099912
-0.9867,0.313,0.579,0.109,135721618
0.9798,0.073,0.818,0.109,49784016
0.9186,0.127,0.678,0.195,49730278
0.0,0.0,0.0,0.0,146244419
0.9222,0.066,0.66,0.274,17073607
0.9186,0.0,0.809,0.191,17973503
0.9984,0.046,0.693,0.26,62978740
-0.5645,0.136,0.764,0.099,50759657
0.8726,0.036,0.864,0.101,32322320
0.9818,0.091,0.776,0.133,50934977
0.7089,0.1,0.603,0.297,17716837
0.4829,0.058,0.806,0.136,55148157
0.9824,0.0,0.727,0.273,33622104
0.8225,0.0,0.765,0.235,9882309
0.0,0.0,1.0,0.0,43235737
0.4927,0.0,0.238,0.762,65506480
0.0,0.0,1.0,0.0,47630835
0.9763,0.103,0.742,0.155,43879707
0.0,0.0,1.0,0.0,47664018
0.6588,0.0,0.185,0.815,9464695
0.6879,0.064,0.805,0.132,8727564
-0.396,0.092,0.812,0.097,43379472
-0.7096,0.134,0.866,0.0,47915542
-0.9302,0.169,0.795,0.035,45655617
0.8576,0.0,0.241,0.759,62781222
0.9105,0.065,0.838,0.097,49338325
-0.4019,0.474,0.526,0.0,28655759
-0.1076,0.119,0.76,0.12,48263020
0.7876,0.13,0.709,0.161,22851904
0.0,0.0,1.0,0.0,8216291
0.5106,0.0,0.864,0.136,13772061
0.3804,0.035,0.894,0.07,50123632
-0.8414,0.09,0.871,0.039,49581897
0.836,0.0,0.574,0.426,71974684
-0.6973,0.153,0.799,0.048,63241716
0.9686,0.0,0.628,0.372,28651823
0.5827,0.0,0.346,0.654,148880153
0.0,0.0,1.0,0.0,15110645
0.0,0.0,1.0,0.0,62809879
0.7506,0.0,0.61,0.39,17024917
0.8176,0.0,0.348,0.652,15548571
0.8807,0.083,0.521,0.396,49080426
0.0,0.0,1.0,0.0,125652888
0.9849,0.08,0.77,0.15,49346436
0.8555,0.0,0.323,0.677,49376994
-0.2013,0.108,0.798,0.094,46947864
0.0,0.0,1.0,0.0,9174742
0.8805,0.142,0.406,0.453,13789351
0.8658,0.054,0.758,0.188,55561232
0.7349,0.0,0.762,0.238,38164283
-0.6249,0.451,0.549,0.0,46882050
0.4843,0.183,0.523,0.293,61725745
-0.8807,0.505,0.495,0.0,49293588
0.0,0.0,1.0,0.0,28912194
-0.3182,0.247,0.753,0.0,16449297
-0.6742,0.187,0.813,0.0,47851849
0.0,0.0,1.0,0.0,93865687
-0.6115,0.119,0.881,0.0,28298190
-0.1695,0.106,0.828,0.066,50536515
-0.0772,1.0,0.0,0.0,48163440
0.3818,0.0,0.885,0.115,107557959
0.4404,0.0,0.58,0.42,151184561
-0.3612,1.0,0.0,0.0,29687707
0.4404,0.0,0.0,1.0,135130207
-0.3078,0.123,0.877,0.0,49288635
-0.6369,0.302,0.698,0.0,41297934
-0.3182,0.291,0.453,0.256,15707665
0.5859,0.0,0.0,1.0,8735274
0.0,0.0,1.0,0.0,130426799
0.85,0.0,0.816,0.184,19224066
0.4404,0.0,0.256,0.744,65053589
0.4588,0.05,0.857,0.093,49550129
-0.1695,0.106,0.894,0.0,49811763
0.9636,0.048,0.757,0.195,25242499
0.4304,0.0,0.857,0.143,22814351
0.8666,0.066,0.823,0.111,50068560
0.8765,0.068,0.781,0.151,48083595
0.2495,0.023,0.937,0.039,43882389
-0.5707,0.448,0.319,0.234,11826288
0.0,0.0,1.0,0.0,50094702
0.0,0.0,1.0,0.0,89075840
0.4404,0.0,0.0,1.0,140821610
0.5994,0.0,0.769,0.231,48058908
0.72,0.126,0.605,0.269,72704570
0.8779,0.0,0.543,0.457,49061489
-0.2018,0.108,0.801,0.091,55140554
-0.5526,0.107,0.804,0.09,51331409
0.6958,0.076,0.822,0.102,41080484
0.8934,0.047,0.798,0.156,46796962
0.0,0.0,1.0,0.0,52947018
0.6369,0.0,0.417,0.583,19663623
-0.8761,0.175,0.718,0.107,64872218
0.8126,0.0,0.448,0.552,115861333
0.8605,0.0,0.729,0.271,63799275
-0.765,0.375,0.625,0.0,49304741
-0.9544,0.346,0.601,0.053,49292737
-0.1511,0.541,0.0,0.459,9691046
0.0,0.0,1.0,0.0,107703724
0.1772,0.104,0.764,0.131,49291681
0.0,0.0,1.0,0.0,48677562
0.9547,0.0,0.34,0.66,12467975
0.3182,0.15,0.637,0.213,48091517
0.0,0.0,1.0,0.0,101149146
0.5106,0.0,0.0,1.0,49568026
0.9858,0.0,0.816,0.184,15753005
0.0,0.0,1.0,0.0,51057165
0.0,0.0,1.0,0.0,75792786
-0.8754,0.367,0.633,0.0,51116959
-0.34,0.089,0.861,0.05,49667393
0.7906,0.0,0.462,0.538,118761205
0.5106,0.0,0.476,0.524,91038057
0.9097,0.0,0.767,0.233,11708691
-0.4019,0.114,0.886,0.0,54015352
0.4019,0.0,0.0,1.0,75905494
0.7495,0.052,0.871,0.077,49343942
0.4404,0.0,0.791,0.209,46175515
0.7906,0.0,0.533,0.467,49315177
-0.5719,0.381,0.619,0.0,49359899
0.3716,0.072,0.826,0.103,51075402
-0.9856,0.189,0.69,0.121,45576441
0.0,0.0,1.0,0.0,16984113
0.7579,0.0,0.649,0.351,138852556
0.9345,0.048,0.844,0.108,9715182
0.9955,0.051,0.795,0.154,41089492
0.9802,0.058,0.763,0.179,48306241
0.932,0.0,0.771,0.229,11309404
0.6558,0.056,0.819,0.124,9758599
-0.316,0.382,0.434,0.183,48568841
0.5927,0.05,0.797,0.153,50533622
0.914,0.072,0.705,0.223,50711140
0.8598,0.114,0.731,0.156,50043157
-0.4039,0.184,0.721,0.095,59079419
0.6,0.188,0.559,0.252,44894578
0.8555,0.0,0.598,0.402,49325161
0.296,0.322,0.222,0.456,56389197
0.0,0.0,1.0,0.0,49299753
0.9392,0.031,0.704,0.265,129481838
0.8377,0.0,0.766,0.234,70982006
0.7088,0.148,0.437,0.415,75399499
0.6428,0.0,0.696,0.304,51085054
-0.325,0.273,0.595,0.132,31380080
0.6249,0.0,0.423,0.577,11880983
0.0,0.0,1.0,0.0,92175783
0.2263,0.043,0.896,0.062,45674453
0.0,0.0,1.0,0.0,144895397
0.9971,0.054,0.711,0.236,15774228
0.2732,0.0,0.916,0.084,43161517
-0.5096,0.18,0.82,0.0,51231100
0.8516,0.0,0.617,0.383,68243539
-0.9265,0.222,0.778,0.0,49028358
0.25,0.092,0.761,0.147,20014797
-0.8442,0.134,0.748,0.117,49293057
0.5563,0.0,0.358,0.642,97697062
0.0,0.0,1.0,0.0,18452175
0.8455,0.065,0.823,0.112,49331516
-0.3804,0.722,0.278,0.0,51246411
-0.4449,0.157,0.843,0.0,65989109
0.0,0.0,1.0,0.0,49356764
-0.3182,0.167,0.74,0.093,49612379
0.9063,0.069,0.761,0.17,49348929
-0.128,0.265,0.552,0.182,48568795
-0.4201,0.374,0.34,0.287,135132011
0.9433,0.095,0.696,0.209,49622078
-0.3182,0.365,0.635,0.0,49289404
-0.2263,0.156,0.76,0.084,101680623
0.9702,0.0,0.737,0.263,45538557
0.9612,0.062,0.715,0.223,9638091
0.0,0.0,1.0,0.0,50176374
0.9089,0.0,0.391,0.609,52803138
0.0,0.0,1.0,0.0,12461049
-0.3599,0.076,0.886,0.037,49299601
0.894,0.116,0.729,0.155,48659619
0.7249,0.0,0.283,0.717,7576022
0.6249,0.0,0.0,1.0,22297260
-0.4767,1.0,0.0,0.0,48699571
0.4404,0.0,0.0,1.0,122166652
-0.743,0.152,0.785,0.063,43768291
-0.9625,0.116,0.817,0.067,50078779
-0.4526,0.235,0.603,0.163,55199199
0.6772,0.084,0.704,0.212,48857468
0.2598,0.0,0.855,0.145,9911836
0.296,0.077,0.772,0.151,49441740
0.9844,0.072,0.627,0.301,47042576
0.5859,0.0,0.678,0.322,12279354
0.5789,0.091,0.763,0.146,47690518
0.685,0.149,0.655,0.196,51185292
0.7783,0.0,0.0,1.0,73911743
-0.5831,0.114,0.831,0.055,49335307
0.9107,0.0,0.489,0.511,49376132
0.8268,0.0,0.342,0.658,26138060
0.9821,0.094,0.747,0.159,50657744
0.0,0.0,1.0,0.0,55234163
-0.5222,0.245,0.607,0.148,49317286
0.8233,0.113,0.684,0.204,49342058
0.738,0.0,0.562,0.438,67888544
0.9825,0.076,0.539,0.384,50641059
0.0,0.0,1.0,0.0,51346289
0.6808,0.0,0.844,0.156,141311365
0.5719,0.0,0.448,0.552,84091446
0.8625,0.0,0.758,0.242,12724593
-0.988,0.126,0.812,0.062,49307525
0.4588,0.0,0.5,0.5,73133999
-0.0541,0.067,0.867,0.066,49333160
0.0,0.0,1.0,0.0,49878697
-0.8745,0.139,0.75,0.111,47850032
0.9274,0.033,0.823,0.144,48695424
0.628,0.054,0.855,0.091,55037525
0.765,0.0,0.312,0.688,108916815
-0.1901,0.17,0.652,0.178,54754292
-0.8176,0.131,0.869,0.0,47569431
0.9863,0.051,0.806,0.143,49794346
0.0,0.0,1.0,0.0,45307299
0.9775,0.082,0.76,0.158,41427936
-0.3612,0.556,0.444,0.0,49326391
-0.9107,0.1,0.85,0.049,55229684
0.4199,0.173,0.597,0.23,47303480
0.7845,0.0,0.566,0.434,19225665
-0.5423,0.636,0.364,0.0,10963070
-0.511,0.075,0.867,0.059,51107069
0.7003,0.0,0.508,0.492,65153161
0.5314,0.111,0.739,0.15,49202149
0.0,0.0,1.0,0.0,125304745
-0.5049,0.139,0.735,0.126,48102409
0.4215,0.0,0.517,0.483,125507612
0.9505,0.067,0.753,0.18,49448930
-0.7149,0.142,0.858,0.0,55170964
0.9335,0.0,0.686,0.314,14870544
0.9512,0.061,0.807,0.133,50104708
0.9277,0.021,0.783,0.196,49380021
0.7568,0.0,0.649,0.351,100694808
0.9427,0.046,0.814,0.14,51098463
0.4404,0.0,0.0,1.0,103562485
0.9543,0.0,0.799,0.201,31081484
0.7184,0.0,0.625,0.375,44206822
0.4215,0.096,0.769,0.135,15663020
0.0,0.0,1.0,0.0,41406029
0.1147,0.041,0.886,0.073,13325877
0.4019,0.0,0.802,0.198,43790910
0.8332,0.037,0.851,0.112,25044023
-0.9012,0.343,0.657,0.0,49316163
0.5218,0.071,0.837,0.093,50024246
0.7089,0.0,0.744,0.256,43755982
0.5859,0.0,0.0,1.0,10330101
0.0,0.0,1.0,0.0,9857397
0.7684,0.0,0.766,0.234,47398062
0.8555,0.0,0.435,0.565,62086616
0.34,0.0,0.87,0.13,50362148
0.4019,0.0,0.0,1.0,64901465
0.911,0.038,0.777,0.185,17010215
0.0,0.0,1.0,0.0,45264993
0.0,0.0,1.0,0.0,159254925
0.0,0.0,1.0,0.0,51163582
0.0,0.0,1.0,0.0,70593203
0.6486,0.0,0.871,0.129,50694841
0.0516,0.22,0.551,0.229,50743776
0.925,0.109,0.751,0.14,61831348
0.6327,0.068,0.83,0.101,50092240
0.765,0.027,0.852,0.121,19684182
0.3275,0.076,0.791,0.133,20316247
0.7506,0.061,0.827,0.112,17076123
0.5859,0.0,0.808,0.192,22486119
0.6249,0.0,0.728,0.272,7775195
0.7003,0.0,0.408,0.592,40678665
0.93,0.041,0.661,0.298,16465393
0.0,0.0,1.0,0.0,10016254
-0.6808,0.096,0.904,0.0,45228906
0.0,0.0,1.0,0.0,16452006
0.0,0.0,1.0,0.0,58261680
0.6249,0.0,0.702,0.298,50135946
0.9517,0.059,0.783,0.157,49304524
0.6705,0.0,0.476,0.524,72513845
0.0,0.0,1.0,0.0,47939215
0.8831,0.077,0.728,0.196,116146825
-0.296,0.24,0.6,0.16,60636155
0.5859,0.0,0.208,0.792,153852684
0.0,0.0,1.0,0.0,48542839
0.2873,0.062,0.861,0.077,50430057
0.0,0.0,1.0,0.0,50325943
0.0,0.0,1.0,0.0,49338779
-0.9801,0.216,0.741,0.044,45547076
0.8122,0.042,0.838,0.12,49887331
-0.9509,0.215,0.741,0.044,50203729
0.7194,0.051,0.803,0.146,49301244
0.0754,0.065,0.864,0.07,43159841
-0.4215,0.046,0.954,0.0,50531640
0.5809,0.0,0.386,0.614,46173503
0.796,0.0,0.858,0.142,19571391
-0.8738,0.154,0.749,0.097,18100560
0.5927,0.036,0.893,0.071,149080927
-0.8164,0.188,0.774,0.039,49329083
0.4176,0.074,0.872,0.054,51253113
0.0,0.0,1.0,0.0,51216524
0.5106,0.0,0.875,0.125,43966515
0.4767,0.032,0.867,0.101,65286726
0.5267,0.0,0.672,0.328,98029665
0.7012,0.086,0.753,0.161,50037984
0.8747,0.08,0.758,0.162,43309527
-0.25,0.024,0.961,0.015,50443920
-0.5574,0.127,0.775,0.099,50821371
0.2714,0.0,0.489,0.511,9748608
0.9601,0.08,0.759,0.16,50133985
0.0516,0.05,0.876,0.074,50730890
0.9808,0.0,0.58,0.42,19037613
-0.9282,0.172,0.699,0.129,50035464
0.5106,0.0,0.0,1.0,119729450
0.0,0.0,1.0,0.0,83776764
0.6808,0.0,0.855,0.145,49363177
-0.4906,0.104,0.829,0.067,9620900
0.7906,0.077,0.753,0.171,50036026
-0.6705,0.194,0.699,0.107,51432652
0.3201,0.055,0.859,0.086,50381625
0.1842,0.096,0.816,0.088,49286862
-0.8814,0.532,0.468,0.0,50192645
-0.5075,0.169,0.758,0.073,50037348
-0.4588,0.061,0.908,0.031,49300556
0.0,0.0,1.0,0.0,9782709
0.7783,0.0,0.0,1.0,64552297
0.0,0.0,1.0,0.0,43537717
-0.8783,0.147,0.751,0.102,43963277
-0.8658,0.153,0.797,0.05,49325490
0.781,0.0,0.624,0.376,11694312
0.4404,0.049,0.836,0.115,50080367
0.0336,0.112,0.775,0.113,67775039
-0.7351,0.071,0.9,0.028,49384433
0.4588,0.0,0.75,0.25,10116094
0.9957,0.015,0.746,0.238,41594311
-0.8513,0.453,0.547,0.0,18666110
-0.5719,0.485,0.515,0.0,49027104
-0.6597,0.574,0.426,0.0,48256746
0.743,0.0,0.851,0.149,48938308
0.973,0.108,0.737,0.155,50129762
0.7906,0.0,0.828,0.172,69573378
0.9218,0.087,0.748,0.164,49493063
0.6369,0.0,0.417,0.583,25444689
0.1036,0.125,0.712,0.163,49393647
0.6369,0.0,0.656,0.344,47019897
0.5106,0.0,0.0,1.0,134783971
0.6249,0.0,0.662,0.338,10122934
0.0,0.0,1.0,0.0,119009484
0.6705,0.282,0.0,0.718,43500290
-0.8329,0.136,0.786,0.078,110114914
0.8834,0.0,0.627,0.373,58342038
-0.7102,0.137,0.764,0.1,49528868
0.9734,0.0,0.549,0.451,10077521
0.9778,0.029,0.672,0.299,49289801
0.386,0.075,0.839,0.085,50272663
0.9813,0.041,0.817,0.142,45752908
0.3802,0.092,0.736,0.172,55070777
-0.872,0.453,0.489,0.058,49351982
0.8122,0.111,0.613,0.277,48935968
0.9737,0.116,0.742,0.142,51182408
0.5106,0.0,0.377,0.623,11334812
-0.4867,0.165,0.835,0.0,50326662
0.0,0.0,1.0,0.0,51453549
0.0644,0.12,0.722,0.158,87145776
0.0,0.0,1.0,0.0,48024296
0.5563,0.0,0.582,0.418,97883151
0.7352,0.0,0.776,0.224,122982808
0.0,0.0,1.0,0.0,23840508
0.7351,0.0,0.78,0.22,21013274
0.5994,0.0,0.698,0.302,9930440
-0.3804,0.27,0.73,0.0,49409617
0.6369,0.0,0.323,0.677,8186199
0.7889,0.0,0.463,0.537,132166649
-0.9768,0.12,0.813,0.066,51283855
0.6897,0.053,0.819,0.127,12455368
0.6588,0.0,0.185,0.815,85233250
-0.3527,0.183,0.817,0.0,33826009
0.431,0.0,0.513,0.487,47597524
0.9883,0.059,0.8,0.14,48115275
-0.4023,0.088,0.912,0.0,49285071
-0.0102,0.121,0.675,0.204,49338020
0.9821,0.071,0.774,0.155,57484789
0.9968,0.056,0.737,0.208,10024589
0.1942,0.0,0.694,0.306,49285347
0.6901,0.0,0.749,0.251,49320092
0.5106,0.0,0.233,0.767,56530014
-0.6599,0.351,0.649,0.0,43956550
0.784,0.0,0.537,0.463,14551755
0.6369,0.0,0.192,0.808,82398538
0.0,0.0,1.0,0.0,9802314
0.9862,0.06,0.723,0.217,12229390
0.9803,0.061,0.764,0.175,16893592
-0.5983,0.26,0.66,0.081,49293649
0.5562,0.0,0.358,0.642,8943593
0.6652,0.0,0.669,0.331,66698689
-0.1327,0.221,0.579,0.2,48723403
0.0,0.0,1.0,0.0,9176089
0.8066,0.042,0.887,0.071,50065259
0.7096,0.139,0.668,0.193,49775714
0.9968,0.082,0.758,0.16,50605490
0.7405,0.0,0.16,0.84,21802741
0.9305,0.04,0.733,0.227,52972461
0.8974,0.0,0.623,0.377,10947988
0.5859,0.0,0.648,0.352,88927619
-0.4184,0.41,0.59,0.0,11708497
0.92,0.0,0.592,0.408,48776098
0.9931,0.066,0.822,0.111,146432333
-0.3612,0.181,0.67,0.149,49323298
0.3182,0.0,0.839,0.161,55206677
-0.9017,0.175,0.671,0.154,49526194
0.0,0.0,1.0,0.0,47198492
0.9815,0.025,0.677,0.298,49285580
0.0,0.0,1.0,0.0,8641603
-0.0811,0.072,0.847,0.081,50035810
0.4942,0.105,0.79,0.105,50096803
0.9136,0.0,0.825,0.175,69259558
-0.8845,0.157,0.749,0.095,49947575
0.0,0.0,1.0,0.0,57714457
-0.0772,1.0,0.0,0.0,51707507
0.5106,0.0,0.809,0.191,10084315
0.9159,0.023,0.819,0.158,50112852
-0.7506,0.18,0.765,0.055,50732015
0.7249,0.0,0.441,0.559,7602089
0.7579,0.0,0.48,0.52,115128097
0.4939,0.0,0.965,0.035,49282840
-0.8646,0.17,0.713,0.117,49690092
0.3612,0.0,0.615,0.385,49682643
-0.6486,0.811,0.189,0.0,46965631
0.5574,0.0,0.303,0.697,11146583
0.4404,0.0,0.0,1.0,61248570
0.6249,0.0,0.549,0.451,12320109
-0.507,0.125,0.774,0.101,42158572
0.0,0.0,1.0,0.0,50080423
0.9951,0.089,0.717,0.194,50868260
0.7506,0.0,0.738,0.262,68262171
0.8338,0.0,0.871,0.129,43291624
0.6249,0.0,0.687,0.313,74670769
-0.9385,0.12,0.796,0.084,47955090
0.3326,0.097,0.803,0.1,50360289
-0.7845,0.535,0.465,0.0,49316914
0.5106,0.0,0.377,0.623,10088471
-0.4391,0.11,0.848,0.043,49304283
-0.901,0.085,0.872,0.043,49895247
-0.9748,0.304,0.647,0.049,81434040
0.0,0.0,1.0,0.0,59007019
0.9875,0.0,0.798,0.202,56877027
0.6808,0.0,0.349,0.651,13859943
0.0624,0.344,0.302,0.354,51187585
0.979,0.0,0.759,0.241,14766873
0.6249,0.0,0.196,0.804,17790121
0.3834,0.12,0.721,0.159,48354112
0.9013,0.0,0.683,0.317,57021228
-0.1216,0.105,0.801,0.094,51386795
0.2585,0.054,0.861,0.085,49899046
0.2732,0.0,0.588,0.412,52481613
0.9206,0.0,0.735,0.265,84980093
-0.7428,0.296,0.549,0.155,43657055
0.933,0.0,0.609,0.391,18968967
0.7217,0.154,0.547,0.299,49339941
0.6652,0.0,0.759,0.241,75333879
0.1873,0.118,0.76,0.123,49537320
0.6249,0.0,0.328,0.672,72043952
-0.4767,0.608,0.392,0.0,43938529
-0.9555,0.183,0.763,0.054,48412991
0.981,0.078,0.792,0.13,50338463
0.6851,0.041,0.881,0.078,94069659
-0.8555,0.093,0.84,0.067,49366612
-0.7399,0.183,0.698,0.119,45309394
0.6339,0.101,0.778,0.121,43300691
0.8319,0.0,0.738,0.262,87050469
0.3182,0.0,0.303,0.697,17400314
0.0,0.0,1.0,0.0,46810088
0.9547,0.068,0.69,0.242,12796808
0.9617,0.022,0.772,0.206,55810076
0.6041,0.029,0.909,0.062,50517946
0.0,0.0,1.0,0.0,62991357
-0.6994,0.148,0.768,0.084,11027803
-0.3294,0.256,0.608,0.137,50270852
0.7362,0.1,0.77,0.131,43827074
0.0,0.0,1.0,0.0,49321603
0.0772,0.0,0.874,0.126,55253646
0.0,0.0,1.0,0.0,10164436
-0.671,0.109,0.79,0.101,49657546
-0.7951,0.353,0.647,0.0,47253671
0.7995,0.0,0.726,0.274,14370139
0.0516,0.08,0.833,0.086,25650271
-0.5423,0.174,0.698,0.129,9837363
0.9448,0.03,0.848,0.122,51294499
0.8573,0.025,0.776,0.199,49750983
0.0,0.0,1.0,0.0,11898889
0.9359,0.0,0.444,0.556,86982015
0.6051,0.056,0.85,0.095,50085349
0.0,0.0,1.0,0.0,49333848
0.9118,0.035,0.853,0.112,51337937
0.5563,0.0,0.218,0.782,130779951
0.9743,0.037,0.758,0.205,57484672
-0.9298,0.08,0.885,0.035,49519159
0.0,0.0,1.0,0.0,137028750
0.4019,0.0,0.69,0.31,14633543
-0.902,0.275,0.658,0.067,49580528
0.4404,0.0,0.256,0.744,128840197
-0.0772,0.062,0.897,0.041,22346517
0.418,0.088,0.784,0.128,11962510
0.5994,0.203,0.301,0.496,10155378
0.6865,0.142,0.559,0.299,57098373
-0.879,0.129,0.787,0.083,41583182
0.296,0.0,0.0,1.0,86249649
0.1531,0.098,0.792,0.11,55039999
-0.2642,0.085,0.831,0.084,47880107
0.0,0.0,1.0,0.0,51163624
0.9681,0.016,0.765,0.219,148944772
0.9535,0.043,0.748,0.209,12467638
0.2263,0.102,0.749,0.15,50035828
0.9906,0.0,0.691,0.309,12469805
0.8978,0.086,0.662,0.253,9782735
0.6124,0.0,0.286,0.714,51520991
-0.1695,0.217,0.783,0.0,46646710
0.8742,0.0,0.715,0.285,11364665
0.6249,0.0,0.423,0.577,59415145
0.9845,0.042,0.779,0.179,49343951
-0.6597,0.574,0.426,0.0,12452287
-0.4588,0.079,0.888,0.033,10723756
0.8036,0.093,0.793,0.114,48569680
0.2263,0.099,0.791,0.11,48211908
-0.7413,0.171,0.829,0.0,50132868
-0.296,0.355,0.645,0.0,48193585
0.7579,0.0,0.133,0.867,70141726
0.9514,0.096,0.708,0.196,89339898
0.0,0.0,1.0,0.0,49681018
0.8691,0.095,0.746,0.158,49619671
0.8749,0.122,0.722,0.157,92395962
0.5106,0.0,0.708,0.292,53003536
0.7096,0.0,0.792,0.208,133921502
0.9973,0.031,0.79,0.179,10550019
0.9529,0.148,0.676,0.176,43628571
0.8975,0.029,0.859,0.113,84738375
-0.9848,0.124,0.817,0.059,46839366
-0.9428,0.097,0.83,0.073,49980000
-0.7048,0.169,0.755,0.077,51141392
0.2975,0.125,0.662,0.213,51645905
0.0,0.0,1.0,0.0,9134272
0.0,0.0,0.0,0.0,47862792
0.8706,0.056,0.827,0.117,55190284
0.7579,0.0,0.711,0.289,50098924
0.7845,0.0,0.782,0.218,11105469
0.4791,0.0,0.692,0.308,51157822
-0.2584,0.337,0.663,0.0,54927575
-0.7764,0.124,0.876,0.0,22327346
0.9753,0.071,0.788,0.14,116554335
0.658,0.038,0.837,0.125,45210819
-0.1154,0.069,0.871,0.06,55058591
-0.3182,0.078,0.833,0.089,50103123
-0.6841,0.208,0.697,0.096,47557319
0.0747,0.086,0.816,0.098,49304048
0.8402,0.0,0.654,0.346,50535003
0.9022,0.081,0.615,0.303,51130296
0.2263,0.0,0.678,0.322,49288963
0.9325,0.0,0.467,0.533,10043056
0.7513,0.142,0.66,0.198,55039226
0.3527,0.0,0.907,0.093,50038076
0.0,0.0,1.0,0.0,51484660
-0.3818,0.074,0.859,0.067,48919971
-0.4033,0.155,0.703,0.142,49435576
0.0,0.0,1.0,0.0,120343960
0.5003,0.048,0.874,0.078,71752040
-0.3489,0.033,0.944,0.022,28543789
0.9348,0.0,0.725,0.275,18302333
0.9724,0.03,0.831,0.139,55193083
0.2641,0.069,0.851,0.08,49314547
-0.7571,0.068,0.871,0.06,49441196
0.0,0.0,1.0,0.0,40012359
-0.4512,0.15,0.759,0.09,12668673
0.6369,0.0,0.323,0.677,49300381
0.9431,0.0,0.59,0.41,45724122
0.5719,0.057,0.776,0.167,142448760
0.9551,0.038,0.769,0.194,20154563
0.0,0.0,1.0,0.0,13841694
0.0,0.0,1.0,0.0,60566611
0.9094,0.0,0.683,0.317,13488550
0.8176,0.0,0.638,0.362,45289650
0.09,0.062,0.833,0.105,50964610
-0.2263,1.0,0.0,0.0,108330615
-0.6199,0.087,0.847,0.066,51131070
-0.4023,0.474,0.526,0.0,49465300
0.4012,0.0,0.87,0.13,29056885
0.8402,0.0,0.385,0.615,11562265
0.0772,0.084,0.827,0.089,8522720
-0.2023,0.195,0.662,0.142,50619165
0.8481,0.0,0.37,0.63,69209825
0.7269,0.0,0.803,0.197,49285302
0.0,0.0,1.0,0.0,72454571
-0.7452,0.061,0.898,0.041,55029023
0.0,0.0,1.0,0.0,84253097
0.0,0.0,1.0,0.0,147165477
0.586,0.029,0.871,0.1,51140555
0.2263,0.0,0.612,0.388,57060497
0.9369,0.0,0.796,0.204,94089422
0.9886,0.01,0.679,0.31,13895667
0.2953,0.147,0.714,0.138,49303847
0.3182,0.0,0.905,0.095,49301660
0.0,0.0,1.0,0.0,68328167
0.0,0.0,1.0,0.0,57104391
0.8934,0.0,0.631,0.369,57429553
0.4404,0.0,0.0,1.0,137876487
-0.7538,0.176,0.764,0.06,49293952
0.0,0.0,1.0,0.0,21656740
0.0,0.0,1.0,0.0,71357650
0.7096,0.0,0.576,0.424,84700272
0.8176,0.074,0.602,0.324,100777094
0.0,0.0,1.0,0.0,87107106
0.5106,0.0,0.377,0.623,71987469
-0.4824,0.138,0.785,0.077,50411677
0.8316,0.0,0.506,0.494,17545222
-0.0387,0.152,0.653,0.195,86556800
0.5106,0.0,0.602,0.398,10148918
-0.1173,0.096,0.826,0.079,50710928
0.792,0.103,0.78,0.117,49985495
-0.7783,0.405,0.595,0.0,94312491
-0.5362,0.634,0.366,0.0,49329935
-0.2946,0.265,0.499,0.236,51438839
-0.4023,0.73,0.27,0.0,49288790
0.8929,0.063,0.759,0.178,59114046
0.0,0.0,1.0,0.0,45321536
0.0,0.0,1.0,0.0,65240238
0.8275,0.101,0.573,0.327,49938017
-0.7119,0.248,0.537,0.215,49310744
-0.2481,0.156,0.734,0.11,43155883
-0.0574,0.094,0.78,0.125,47953279
-0.8743,0.221,0.689,0.09,43135445
0.4404,0.0,0.0,1.0,57246886
-0.7964,0.78,0.22,0.0,48881913
-0.7263,0.259,0.658,0.083,50119215
0.9969,0.078,0.803,0.12,50036682
0.8671,0.0,0.647,0.353,49290779
-0.3895,0.299,0.568,0.133,43971114
0.9753,0.113,0.697,0.19,50108900
0.3612,0.0,0.545,0.455,52245636
0.4451,0.0,0.816,0.184,22603954
0.8641,0.0,0.722,0.278,89469425
0.9655,0.033,0.779,0.187,43389232
0.97,0.035,0.767,0.199,21612515
0.4019,0.0,0.27,0.73,9799603
0.9888,0.007,0.767,0.226,48424531
-0.3248,0.106,0.777,0.117,45598196
-0.9823,0.151,0.764,0.085,48649645
0.0854,0.042,0.907,0.051,51453229
0.0,0.0,1.0,0.0,70944579
-0.9253,0.159,0.724,0.116,49015988
0.7955,0.0,0.755,0.245,15556365
0.8788,0.0,0.247,0.753,32276036
-0.9774,0.084,0.887,0.029,50119396
0.9139,0.0,0.611,0.389,14557281
0.2838,0.042,0.866,0.092,50209097
0.9019,0.118,0.705,0.177,50035604
0.8957,0.0,0.621,0.379,12838674
-0.3004,0.187,0.718,0.095,17479783
0.4469,0.12,0.705,0.175,55053316
0.9319,0.039,0.695,0.265,61556934
-0.4215,0.177,0.823,0.0,50221663
0.5574,0.0,0.581,0.419,69143864
0.9647,0.016,0.752,0.232,48783425
0.9138,0.041,0.848,0.111,12732283
0.0,0.0,1.0,0.0,14057905
0.0,0.0,1.0,0.0,50449374
0.1548,0.107,0.773,0.12,105396662
-0.2459,0.05,0.911,0.039,31229338
-0.9753,0.23,0.727,0.043,18525016
0.6369,0.0,0.543,0.457,49322518
0.9549,0.066,0.824,0.109,49323135
0.659,0.0,0.532,0.468,9712141
0.1027,0.239,0.444,0.317,49947522
-0.4666,0.066,0.889,0.045,43636775
0.9617,0.094,0.77,0.136,49402354
-0.8718,0.254,0.746,0.0,50055760
0.6249,0.0,0.196,0.804,78041885
-0.6985,0.149,0.851,0.0,49304109
-0.3818,0.39,0.39,0.221,49489357
0.9674,0.044,0.824,0.132,43700431
0.54,0.0,0.721,0.279,14089215
0.9811,0.014,0.863,0.123,57979244
0.7269,0.125,0.667,0.208,125508154
0.6696,0.0,0.182,0.818,14599050
0.0,0.0,1.0,0.0,8612144
0.9894,0.071,0.741,0.189,44899469
0.9473,0.009,0.846,0.145,10408828
0.0,0.0,1.0,0.0,7484426
0.0,0.0,1.0,0.0,43637186
0.6966,0.071,0.833,0.096,49322082
0.0,0.0,1.0,0.0,43770250
-0.7732,0.354,0.562,0.084,49589436
0.9802,0.046,0.837,0.117,12488456
0.6245,0.104,0.779,0.117,48810898
-0.338,0.139,0.783,0.078,50557937
-0.1027,0.081,0.819,0.1,49345820
-0.5423,1.0,0.0,0.0,49035899
-0.3321,0.101,0.899,0.0,19218914
0.9846,0.042,0.738,0.22,49285715
0.0,0.0,1.0,0.0,40964109
-0.1717,0.11,0.773,0.117,86084209
0.5106,0.0,0.233,0.767,120638900
0.8475,0.046,0.814,0.14,48141801
0.2023,0.321,0.256,0.423,58220767
0.1027,0.338,0.27,0.392,128706023
0.6249,0.0,0.773,0.227,115462427
-0.8451,0.133,0.793,0.074,48992911
0.6369,0.151,0.411,0.438,56436705
0.8963,0.091,0.772,0.137,49333801
0.0,0.0,1.0,0.0,49350874
-0.9431,0.167,0.756,0.077,49301709
-0.5729,0.252,0.748,0.0,43968280
0.6597,0.0,0.856,0.144,68017668
0.7003,0.0,0.408,0.592,69706744
-0.7757,0.575,0.425,0.0,103150616
-0.34,0.529,0.147,0.324,58099014
-0.9001,0.12,0.828,0.052,26225067
0.0,0.0,1.0,0.0,91494230
0.2508,0.097,0.805,0.097,50881929
0.9714,0.081,0.799,0.121,50470063
0.9374,0.041,0.874,0.086,52559916
0.9897,0.024,0.759,0.217,45317333
-0.8053,0.16,0.676,0.164,47162868
0.8516,0.0,0.829,0.171,49321023
-0.7506,0.143,0.825,0.033,49304280
0.9161,0.105,0.758,0.137,25038310
0.7351,0.0,0.326,0.674,142387365
-0.7845,0.315,0.685,0.0,34028083
0.5994,0.0,0.824,0.176,49284992
-0.7549,0.118,0.813,0.069,50035143
0.7947,0.08,0.768,0.152,49297853
0.5514,0.048,0.834,0.118,48306713
-0.0015,0.152,0.696,0.152,49306733
0.2283,0.083,0.786,0.131,25042383
0.7003,0.0,0.655,0.345,31674880
-0.2086,0.098,0.806,0.096,49325410
0.9919,0.107,0.734,0.158,51038970
0.4939,0.0,0.897,0.103,76904725
0.5379,0.056,0.798,0.146,49304614
0.6808,0.0,0.263,0.737,26583704
-0.6126,0.188,0.708,0.104,41516420
0.6808,0.0,0.588,0.412,150010183
-0.4767,0.22,0.78,0.0,47481412
-0.1027,0.298,0.439,0.263,49327024
0.9431,0.072,0.833,0.095,49310001
0.0,0.0,1.0,0.0,9739870
0.8422,0.0,0.839,0.161,14603460
0.6249,0.0,0.196,0.804,84994721
-0.7721,0.13,0.816,0.055,49589905
0.8176,0.091,0.726,0.182,49305888
0.0,0.0,1.0,0.0,33111209
0.0,0.0,1.0,0.0,49141084
0.8642,0.1,0.686,0.214,48623632
0.9739,0.076,0.764,0.16,51122047
0.0691,0.047,0.894,0.059,55187414
0.6892,0.0,0.719,0.281,7516370
0.9401,0.06,0.817,0.123,50076153
-0.0516,0.195,0.664,0.142,49994194
0.0,0.0,1.0,0.0,148974938
0.3534,0.137,0.689,0.174,50052040
-0.6372,0.132,0.815,0.053,48611869
0.8346,0.067,0.794,0.138,50034510
0.8264,0.0,0.707,0.293,21105089
0.25,0.0,0.333,0.667,45398321
0.0,0.0,1.0,0.0,44153397
0.6486,0.0,0.71,0.29,20920850
0.0,0.0,1.0,0.0,50053524
0.2748,0.204,0.438,0.358,49466699
0.5994,0.0,0.647,0.353,51049266
0.5719,0.138,0.657,0.206,49325811
0.0,0.0,1.0,0.0,43747796
-0.3612,0.172,0.828,0.0,49288901
0.9719,0.0,0.61,0.39,21738782
0.4404,0.0,0.0,1.0,160503277
0.0772,0.106,0.773,0.121,63228256
0.3182,0.0,0.303,0.697,114956799
0.2846,0.0,0.65,0.35,8942360
0.7351,0.0,0.617,0.383,38938227
0.4404,0.0,0.256,0.744,26687944
-0.7906,0.153,0.756,0.09,50699198
0.8555,0.0,0.427,0.573,101894416
0.9786,0.0,0.74,0.26,14939925
0.5563,0.0,0.527,0.473,52039287
-0.7291,0.194,0.678,0.128,49554032
-0.9459,0.256,0.632,0.111,49481461
-0.824,0.119,0.77,0.111,55042343
0.7779,0.037,0.838,0.126,43449544
0.8195,0.02,0.849,0.131,10817511
0.9571,0.019,0.692,0.29,143306584
0.4404,0.0,0.256,0.744,49475515
0.0,0.0,1.0,0.0,56221146
-0.5549,0.073,0.859,0.068,50055768
0.4019,0.0,0.0,1.0,132408768
-0.765,0.113,0.836,0.052,51249346
-0.1027,0.097,0.903,0.0,46684973
0.9148,0.0,0.439,0.561,19201191
0.0,0.0,1.0,0.0,48947412
-0.4754,0.12,0.819,0.061,48773724
0.4404,0.0,0.0,1.0,9125018
0.5262,0.111,0.751,0.138,51049265
0.5859,0.0,0.568,0.432,20499051
0.0,0.0,1.0,0.0,89016907
-0.34,0.091,0.856,0.052,55027952
-0.4404,0.302,0.698,0.0,96071915
-0.5423,0.241,0.759,0.0,48231199
-0.3865,0.208,0.792,0.0,46965177
-0.1779,0.206,0.633,0.161,48495219
0.886,0.0,0.62,0.38,9163159
0.6249,0.0,0.494,0.506,14411062
0.0,0.0,1.0,0.0,51047252
0.9624,0.059,0.823,0.119,49495917
0.0,0.0,1.0,0.0,10853867
0.9946,0.078,0.772,0.15,50154336
0.8261,0.08,0.777,0.142,44940191
0.4404,0.0,0.0,1.0,16819042
-0.4767,0.608,0.392,0.0,45274384
0.944,0.0,0.652,0.348,32093092
-0.9299,0.108,0.814,0.078,24207203
0.4404,0.0,0.775,0.225,80577701
0.7574,0.118,0.444,0.438,57937635
-0.5267,0.118,0.882,0.0,49287297
0.4404,0.0,0.256,0.744,33174268
-0.8378,0.28,0.645,0.075,49377655
0.9578,0.028,0.751,0.22,50037709
0.0,0.0,1.0,0.0,15155865
-0.7096,1.0,0.0,0.0,49521914
0.4404,0.0,0.58,0.42,38289405
0.4939,0.0,0.238,0.762,14588157
0.9484,0.04,0.799,0.16,50034893
0.4116,0.159,0.689,0.152,22015911
-0.2618,0.125,0.761,0.115,49683775
0.2644,0.08,0.819,0.101,44904877
0.9194,0.064,0.766,0.17,49300089
0.5563,0.0,0.218,0.782,57256226
0.5106,0.0,0.233,0.767,70222690
-0.3765,0.107,0.757,0.135,51449132
0.4019,0.0,0.0,1.0,81554642
0.4019,0.0,0.0,1.0,60629436
0.9185,0.092,0.733,0.175,49287433
0.8074,0.046,0.749,0.205,133106341
0.6508,0.153,0.596,0.252,50425933
0.0,0.0,1.0,0.0,49857514
0.9485,0.037,0.652,0.31,49285415
-0.7599,0.19,0.764,0.046,49304836
0.0,0.0,1.0,0.0,11267804
-0.4404,0.116,0.884,0.0,50386238
-0.9734,0.16,0.81,0.031,50034642
0.5928,0.107,0.72,0.172,49339917
0.9549,0.079,0.75,0.172,51428590
0.4404,0.0,0.0,1.0,61835037
-0.0516,0.074,0.926,0.0,18102147
0.4215,0.0,0.741,0.259,14793078
-0.5719,0.787,0.213,0.0,49487159
0.3781,0.051,0.844,0.105,44107905
0.8555,0.0,0.517,0.483,39946949
0.5093,0.0,0.233,0.767,68465523
0.7906,0.0,0.731,0.269,48066072
0.8316,0.053,0.799,0.149,21844896
0.5859,0.0,0.725,0.275,103922933
-0.7351,0.287,0.617,0.096,49465560
0.4767,0.0,0.659,0.341,80750470
-0.2535,0.046,0.925,0.029,113170351
0.8167,0.039,0.842,0.119,47579063
0.2732,0.0,0.884,0.116,60845847
0.9911,0.074,0.67,0.256,51087255
0.4699,0.0,0.877,0.123,51210652
-0.4019,0.167,0.735,0.098,55021080
0.5562,0.0,0.662,0.338,10001854
-0.7096,0.222,0.7,0.079,44608943
0.9022,0.0,0.764,0.236,49467650
0.9962,0.06,0.765,0.175,49539292
0.0,0.0,1.0,0.0,26635713
0.1901,0.0,0.907,0.093,73058660
0.1174,0.053,0.892,0.055,49797347
0.0,0.0,1.0,0.0,49291439
0.765,0.0,0.645,0.355,8468217
-0.1995,0.076,0.865,0.059,49108762
0.7003,0.0,0.256,0.744,104744732
-0.4019,0.125,0.767,0.108,142163059
0.1883,0.1,0.79,0.11,43418655
0.8356,0.0,0.82,0.18,18115849
0.2413,0.065,0.827,0.108,50221762
0.93,0.0,0.685,0.315,29450397
-0.5975,0.135,0.765,0.1,50714752
0.1278,0.168,0.656,0.176,50551571
0.2263,0.19,0.567,0.244,47161764
-0.5284,0.091,0.823,0.086,42581992
-0.2523,0.108,0.764,0.128,55128784
0.4215,0.0,0.263,0.737,77444133
0.9691,0.121,0.705,0.174,49362702
-0.4887,0.078,0.885,0.037,43868657
0.4404,0.0,0.256,0.744,31067454
0.89,0.028,0.811,0.162,47988898
0.9933,0.027,0.836,0.137,46834147
0.854,0.107,0.616,0.277,13438039
0.8481,0.054,0.738,0.208,49363439
0.9324,0.0,0.464,0.536,56521807
0.93,0.0,0.646,0.354,22084899
0.0,0.0,1.0,0.0,21014678
-0.9638,0.093,0.842,0.066,50141572
0.8625,0.0,0.639,0.361,49272460
-0.296,0.081,0.919,0.0,49381263
0.8795,0.0,0.793,0.207,50039213
0.8402,0.0,0.571,0.429,87803707
0.6901,0.098,0.762,0.14,51104567
0.8534,0.0,0.517,0.483,62119703
0.3818,0.0,0.536,0.464,48936295
0.5106,0.0,0.751,0.249,29934502
0.4019,0.057,0.813,0.13,47841691
0.6249,0.0,0.164,0.836,100063901
0.9769,0.0,0.603,0.397,10360877
-0.4019,0.351,0.649,0.0,49434291
0.6908,0.168,0.54,0.292,49300387
0.8747,0.0,0.75,0.25,71479319
0.6124,0.072,0.722,0.206,49387624
0.5719,0.0,0.619,0.381,151408559
0.4767,0.0,0.853,0.147,49344441
0.5067,0.0,0.753,0.247,49669445
0.9576,0.053,0.797,0.149,91604084
0.7767,0.123,0.7,0.177,27950035
0.857,0.084,0.741,0.174,15141401
0.0,0.0,1.0,0.0,60935027
-0.905,0.108,0.844,0.048,49637251
0.0,0.0,1.0,0.0,149221428
0.9864,0.092,0.759,0.149,50059605
0.2655,0.073,0.845,0.082,49285034
0.049,0.135,0.742,0.122,26318469
0.5595,0.0,0.833,0.167,50088542
-0.2023,0.141,0.859,0.0,31672960
-0.8777,0.395,0.605,0.0,49364851
-0.3671,0.13,0.753,0.117,39805877
0.9476,0.0,0.827,0.173,51467419
0.8516,0.0,0.795,0.205,116586056
0.9115,0.0,0.814,0.186,10612120
0.0,0.0,1.0,0.0,71348486
0.8846,0.042,0.85,0.108,24303666
0.6785,0.054,0.763,0.183,50064265
0.7983,0.0,0.575,0.425,80275770
0.578,0.127,0.715,0.158,47170339
0.6797,0.0,0.466,0.534,7855075
0.7733,0.094,0.651,0.256,50639121
-0.8674,0.241,0.684,0.075,18314485
0.0,0.0,1.0,0.0,51253277
0.6486,0.0,0.762,0.238,49361661
-0.4714,0.096,0.904,0.0,47581681
0.0,0.0,1.0,0.0,24790589
0.9091,0.034,0.873,0.093,32825037
0.8807,0.023,0.802,0.175,49525751
0.9729,0.092,0.782,0.126,50068174
-0.5063,0.09,0.855,0.055,48906140
-0.1546,0.142,0.708,0.15,50037245
0.0,0.0,1.0,0.0,16372371
0.5563,0.0,0.218,0.782,69331207
-0.1725,0.074,0.863,0.064,24547043
0.9951,0.096,0.711,0.193,43658921
0.6887,0.0,0.66,0.34,138174592
0.1388,0.06,0.865,0.075,49385390
0.7453,0.0,0.821,0.179,49739042
0.7339,0.0,0.327,0.673,9682872
0.0,0.0,1.0,0.0,24628443
-0.296,0.688,0.312,0.0,43902785
0.7311,0.0,0.494,0.506,52106961
0.7818,0.0,0.368,0.632,25015489
0.5859,0.0,0.208,0.792,10052745
-0.7388,0.253,0.653,0.094,45753216
-0.5499,0.087,0.859,0.054,48872198
0.9315,0.0,0.723,0.277,88464036
0.0,0.0,1.0,0.0,29725443
0.8676,0.0,0.788,0.212,48757657
-0.9069,0.138,0.755,0.107,51256695
0.5574,0.0,0.217,0.783,72801411
0.2023,0.057,0.849,0.094,66536492
-0.5255,0.236,0.764,0.0,50550012
-0.5358,0.426,0.574,0.0,49282872
0.4404,0.0,0.256,0.744,50464620
0.9087,0.0,0.835,0.165,49398131
0.0,0.0,1.0,0.0,55111802
0.9486,0.0,0.678,0.322,49316678
-0.5702,0.084,0.872,0.044,50122287
-0.7811,0.205,0.712,0.084,43644041
0.7964,0.0,0.53,0.47,86229053
0.7959,0.091,0.729,0.179,13803634
0.6369,0.0,0.323,0.677,101851138
-0.8655,0.113,0.818,0.069,49673054
0.7828,0.107,0.759,0.134,49652168
-0.8874,0.204,0.756,0.04,48991440
-0.6597,0.141,0.859,0.0,49350592
0.0,0.0,1.0,0.0,55326722
0.6808,0.0,0.602,0.398,49290431
0.8037,0.112,0.723,0.165,49602784
-0.6322,0.16,0.84,0.0,49338820
-0.4019,0.172,0.828,0.0,40845216
-0.4588,0.049,0.951,0.0,47022825
0.0,0.0,1.0,0.0,135897802
0.9612,0.0,0.264,0.736,9810397
0.6588,0.0,0.185,0.815,52089439
-0.816,0.091,0.873,0.035,49317828
-0.0258,0.108,0.79,0.102,49302963
0.8494,0.0,0.759,0.241,10960208
0.6486,0.105,0.594,0.301,12403323
-0.611,0.211,0.693,0.096,22386233
0.0771,0.082,0.849,0.069,48173987
0.0,0.0,1.0,0.0,25460209
0.6705,0.0,0.776,0.224,22955453
0.4019,0.0,0.0,1.0,61300316
0.6249,0.0,0.0,1.0,11245056
0.9655,0.0,0.567,0.433,12441416
0.4724,0.105,0.749,0.146,14679455
0.9876,0.086,0.791,0.123,50035388
0.8669,0.063,0.717,0.22,110204950
0.5859,0.0,0.345,0.655,8468596
0.7034,0.0,0.293,0.707,9760681
0.9657,0.0,0.436,0.564,107685316
0.9209,0.0,0.807,0.193,100966480
0.7866,0.0,0.886,0.114,49323211
-0.7813,0.101,0.828,0.071,49300642
-0.856,0.129,0.787,0.084,9191413
0.4404,0.0,0.0,1.0,106939571
-0.836,0.183,0.731,0.086,49316515
0.1779,0.131,0.691,0.178,50258136
-0.0236,0.262,0.479,0.259,47366012
0.6678,0.127,0.582,0.29,81117332
0.6351,0.085,0.818,0.097,49529162
-0.5346,0.247,0.671,0.082,49285033
0.1573,0.137,0.74,0.124,49344070
-0.824,0.295,0.627,0.079,43822758
0.96,0.083,0.624,0.294,49362055
-0.9729,0.124,0.773,0.103,50965707
0.6369,0.0,0.588,0.412,84929558
0.4389,0.0,0.708,0.292,10305779
-0.1531,0.167,0.833,0.0,81591913
0.6478,0.0,0.694,0.306,58412320
0.25,0.17,0.566,0.264,48109983
0.7089,0.0,0.337,0.663,55949351
0.4404,0.0,0.256,0.744,27846907
0.3851,0.109,0.707,0.183,55232667
0.4019,0.0,0.838,0.162,43916181
0.8992,0.051,0.854,0.095,50055368
0.9954,0.022,0.785,0.194,148904037
-0.09,0.082,0.848,0.07,47505437
0.995,0.109,0.683,0.208,50302615
0.8966,0.076,0.466,0.458,58661841
0.9294,0.0,0.841,0.159,8579549
0.0,0.0,1.0,0.0,50361562
-0.0949,0.122,0.73,0.149,49351936
0.4939,0.0,0.856,0.144,43648560
0.0,0.0,1.0,0.0,49429227
-0.7096,0.323,0.568,0.109,51336824
0.7037,0.12,0.737,0.143,50874121
-0.105,0.131,0.742,0.127,48775021
-0.5554,0.054,0.899,0.047,49303669
0.9865,0.0,0.799,0.201,26038007
0.4284,0.042,0.896,0.062,49315809
0.8343,0.039,0.862,0.1,11390818
0.9737,0.078,0.762,0.161,49546735
-0.296,0.128,0.872,0.0,128266104
0.9828,0.067,0.548,0.385,49300439
0.7579,0.0,0.435,0.565,38145867
0.9253,0.047,0.636,0.317,46376618
0.9759,0.053,0.783,0.164,47844487
0.6582,0.058,0.838,0.104,41637689
0.8494,0.082,0.772,0.146,49348100
0.7351,0.0,0.139,0.861,153868328
0.9273,0.046,0.815,0.139,45318213
-0.3956,0.248,0.55,0.202,65271817
0.7778,0.0,0.585,0.415,94843322
0.951,0.097,0.717,0.186,49292533
0.892,0.035,0.851,0.114,49524514
0.3164,0.059,0.827,0.115,62553587
0.0,0.0,1.0,0.0,86159225
0.0877,0.088,0.839,0.073,50763369
0.6068,0.127,0.648,0.225,49466136
0.5049,0.103,0.783,0.114,44447534
0.4019,0.0,0.526,0.474,10047020
0.9885,0.028,0.734,0.238,58967099
0.0,0.0,1.0,0.0,50239383
0.9685,0.025,0.811,0.164,156274214
0.7256,0.0,0.842,0.158,47939772
-0.8196,0.146,0.734,0.12,55025533
0.3499,0.058,0.796,0.146,29861432
-0.9967,0.217,0.714,0.069,49078163
-0.6486,0.217,0.671,0.112,49449099
-0.7209,0.19,0.81,0.0,48513979
0.0,0.0,1.0,0.0,47581807
-0.9445,0.182,0.779,0.039,44162244
0.9437,0.067,0.755,0.179,43413818
0.9501,0.07,0.736,0.194,11827180
0.0,0.0,1.0,0.0,93754138
0.8733,0.159,0.59,0.252,50068294
0.3485,0.02,0.947,0.032,48645219
0.4927,0.0,0.385,0.615,49317168
0.6166,0.0,0.199,0.801,64650682
0.3647,0.046,0.822,0.132,49288150
0.7014,0.14,0.571,0.289,45818314
0.8653,0.031,0.799,0.17,11129518
-0.875,0.526,0.474,0.0,49307104
0.4939,0.045,0.839,0.116,48936353
-0.5423,0.412,0.588,0.0,39492543
-0.748,0.13,0.813,0.057,61817722
0.5106,0.0,0.548,0.452,10115294
-0.8819,0.124,0.805,0.071,47635910
-0.296,0.145,0.855,0.0,19548281
0.0,0.0,1.0,0.0,14506158
0.4215,0.0,0.417,0.583,56316557
0.8885,0.0,0.632,0.368,97133400
0.924,0.076,0.764,0.16,60724318
0.4404,0.0,0.256,0.744,56784207
0.987,0.07,0.664,0.266,49319281
0.9775,0.051,0.67,0.279,49736959
0.9513,0.076,0.698,0.226,44030479
0.6249,0.0,0.196,0.804,62655006
0.9568,0.013,0.819,0.169,49297136
0.6249,0.049,0.764,0.187,50103049
0.9295,0.101,0.709,0.19,55187096
-0.3987,0.064,0.936,0.0,17438188
0.9818,0.046,0.819,0.135,50044274
0.0,0.0,1.0,0.0,10464046
0.978,0.076,0.682,0.242,62603473
0.4557,0.115,0.737,0.148,49307272
0.2758,0.108,0.75,0.142,51267069
-0.8885,0.313,0.586,0.101,116787049
-0.0451,0.231,0.549,0.219,9205845
-0.7625,0.118,0.849,0.033,51090055
0.2263,0.271,0.31,0.419,18104521
0.6671,0.0,0.691,0.309,17623000
0.2285,0.032,0.914,0.054,28303166
0.34,0.0,0.789,0.211,49746315
-0.4939,0.471,0.29,0.239,69766748
0.9895,0.039,0.844,0.117,43881738
0.9807,0.052,0.826,0.122,50502442
0.6514,0.0,0.75,0.25,7520951
0.2444,0.149,0.676,0.175,48694876
-0.0574,0.09,0.823,0.087,50055835
0.1901,0.0,0.741,0.259,129290939
0.6114,0.0,0.2,0.8,15515537
0.9426,0.0,0.703,0.297,45310071
-0.4404,0.529,0.196,0.275,13385782
0.6597,0.072,0.718,0.21,139553698
-0.4885,0.101,0.816,0.083,49287037
0.9835,0.062,0.81,0.128,49440015
0.9705,0.102,0.777,0.121,50039769
0.8669,0.0,0.683,0.317,108731303
0.6369,0.0,0.543,0.457,153412508
0.9806,0.019,0.766,0.215,19750462
0.8469,0.038,0.8,0.162,85100273
-0.7607,0.169,0.785,0.046,47977319
0.0,0.0,1.0,0.0,43537733
0.8442,0.0,0.588,0.412,71306209
-0.323,0.238,0.649,0.112,49288447
0.934,0.045,0.673,0.281,7754468
0.858,0.078,0.788,0.134,49286609
0.4404,0.0,0.256,0.744,66330291
0.9529,0.046,0.702,0.251,41331366
0.9432,0.037,0.791,0.172,49554250
-0.092,0.097,0.834,0.068,50048921
-0.3484,0.115,0.799,0.086,50038019
0.4404,0.0,0.0,1.0,36712168
0.0,0.0,1.0,0.0,48256709
-0.2111,0.178,0.685,0.136,49283431
-0.34,0.095,0.831,0.075,50148955
-0.5423,0.133,0.785,0.081,10227320
-0.1053,0.167,0.676,0.158,49793614
0.4201,0.0,0.823,0.177,71299955
0.4404,0.0,0.633,0.367,49744076
0.9822,0.0,0.488,0.512,23389829
0.6696,0.0,0.728,0.272,103270871
0.6705,0.0,0.267,0.733,107181208
0.6369,0.0,0.861,0.139,102299407
0.9613,0.095,0.774,0.131,55233977
-0.942,0.178,0.803,0.019,49344560
-0.9318,0.175,0.716,0.109,49233722
0.6369,0.0,0.907,0.093,9644172
-0.926,0.384,0.508,0.108,49490219
0.4767,0.086,0.717,0.197,9502364
0.7212,0.063,0.834,0.103,50068016
0.4019,0.323,0.226,0.451,72083976
0.8704,0.07,0.77,0.16,43877911
0.7351,0.0,0.326,0.674,82510203
0.34,0.0,0.806,0.194,44159098
0.9922,0.022,0.793,0.186,43261533
0.0034,0.143,0.725,0.132,48386937
-0.6997,0.119,0.856,0.025,23183733
0.8514,0.098,0.789,0.114,26378362
0.9623,0.0,0.762,0.238,14548455
0.6996,0.101,0.751,0.148,55221976
0.1094,0.25,0.491,0.259,21608888
0.9977,0.053,0.811,0.137,50195204
0.8016,0.056,0.677,0.267,66510683
-0.6757,0.174,0.826,0.0,49441655
-0.0762,0.105,0.895,0.0,30052141
0.9855,0.06,0.728,0.212,7557451
-0.6808,0.219,0.781,0.0,49305575
