compound,neg,neu,pos,recommendationid
0.34,0.0,0.455,0.545,51171015
0.5647,0.063,0.838,0.099,48434843
-0.8159,0.131,0.741,0.128,49730158
-0.4767,0.205,0.795,0.0,149973515
0.1528,0.119,0.739,0.142,149618805
-0.6124,0.082,0.851,0.067,136210293
0.4132,0.071,0.866,0.064,122210273
0.5118,0.092,0.79,0.119,73172855
-0.9569,0.079,0.912,0.008,70648654
0.8372,0.043,0.853,0.104,61970317
0.2382,0.0,0.86,0.14,51311396
0.7178,0.032,0.898,0.069,48910893
0.8919,0.042,0.872,0.087,48593037
-0.3919,0.123,0.79,0.087,155953357
-0.3807,0.09,0.859,0.051,152707755
0.9778,0.057,0.764,0.179,152564110
-0.6121,0.099,0.859,0.042,131784587
-0.266,0.109,0.789,0.103,129736529
0.9632,0.027,0.735,0.238,77062612
-0.8975,0.111,0.802,0.087,75121868
-0.3363,0.047,0.919,0.033,72254456
0.3818,0.0,0.776,0.224,71431621
0.9847,0.041,0.71,0.249,58966464
-0.7155,0.071,0.892,0.037,54606597
-0.2732,0.083,0.848,0.069,50551203
-0.841,0.1,0.875,0.025,50448182
0.9792,0.055,0.824,0.121,48956290
-0.3437,0.087,0.835,0.078,48890682
0.088,0.054,0.91,0.036,48760443
0.7713,0.0,0.428,0.572,48749568
0.9969,0.043,0.743,0.214,48739417
0.8174,0.0,0.628,0.372,48738476
0.9161,0.0,0.737,0.263,48727369
0.9972,0.055,0.745,0.2,48720263
-0.3612,0.455,0.545,0.0,48713451
0.2837,0.059,0.855,0.086,48686370
-0.8115,0.141,0.801,0.058,48685420
0.974,0.025,0.731,0.243,48668298
-0.5423,0.368,0.632,0.0,48659268
-0.09,0.087,0.833,0.08,48658638
0.9011,0.053,0.85,0.098,48657677
-0.4927,0.067,0.916,0.017,48656859
0.9673,0.131,0.712,0.157,124571898
0.9603,0.083,0.732,0.185,120015695
0.796,0.132,0.629,0.239,106132667
0.4767,0.105,0.777,0.118,72639078
0.9721,0.107,0.727,0.165,69162968
-0.9801,0.256,0.694,0.05,63829088
-0.3278,0.121,0.762,0.117,54750070
0.967,0.059,0.726,0.215,160300903
0.8555,0.0,0.242,0.758,153260195
0.3804,0.134,0.657,0.208,153022362
0.9391,0.107,0.668,0.225,152953165
0.0,0.0,1.0,0.0,92124344
0.0,0.0,1.0,0.0,73589538
0.0,0.0,1.0,0.0,69790774
0.8899,0.039,0.85,0.111,65213001
-0.6395,0.122,0.853,0.025,64754166
0.9934,0.013,0.727,0.26,55169123
0.0,0.0,1.0,0.0,50042003
0.9711,0.0,0.767,0.233,49543791
0.0516,0.14,0.714,0.146,60455687
0.8715,0.0,0.72,0.28,160177517
0.5358,0.0,0.9,0.1,153737898
0.9466,0.042,0.481,0.477,129063597
0.2865,0.117,0.715,0.168,128756732
0.0,0.0,1.0,0.0,128698240
0.5943,0.0,0.804,0.196,128687152
0.7351,0.089,0.738,0.174,50689328
0.7068,0.082,0.757,0.161,161811420
-0.4215,0.583,0.417,0.0,158903157
0.1877,0.0,0.863,0.137,158686750
0.7845,0.025,0.906,0.069,151360402
0.0496,0.071,0.857,0.072,143325892
0.34,0.0,0.912,0.088,142098576
0.3182,0.0,0.635,0.365,142096678
0.6151,0.084,0.808,0.107,141433986
0.2185,0.08,0.825,0.094,140946414
0.0,0.0,1.0,0.0,140438264
-0.9611,0.206,0.676,0.118,138591256
0.5165,0.05,0.819,0.131,138122084
0.9529,0.029,0.82,0.151,137878645
0.9175,0.0,0.481,0.519,137303055
0.7855,0.054,0.805,0.141,132957275
0.914,0.102,0.707,0.19,132822300
-0.8209,0.085,0.856,0.059,131715210
-0.6124,0.464,0.362,0.174,130416594
-0.0772,0.302,0.698,0.0,128562102
-0.9886,0.166,0.744,0.09,127916173
0.8442,0.075,0.803,0.122,127335136
-0.8446,0.125,0.847,0.027,125553130
0.9912,0.075,0.808,0.117,123826303
-0.7964,0.093,0.862,0.045,123382290
0.0,0.0,1.0,0.0,122000424
-0.4344,0.115,0.805,0.08,121704297
-0.9399,0.11,0.774,0.116,120930726
0.8181,0.084,0.653,0.263,120532395
-0.3098,0.14,0.86,0.0,119847123
-0.2755,0.513,0.487,0.0,119584091
0.8909,0.07,0.83,0.1,119383240
-0.4215,0.219,0.781,0.0,118962420
0.7455,0.145,0.681,0.174,118951874
0.0,0.0,1.0,0.0,117741036
0.5679,0.076,0.797,0.127,117461277
0.7096,0.137,0.714,0.149,116687813
0.2575,0.178,0.622,0.201,116451122
-0.7926,0.112,0.78,0.107,116440824
-0.6249,0.24,0.76,0.0,115870155
0.6369,0.0,0.792,0.208,115743386
-0.8686,0.137,0.766,0.098,113544790
-0.5897,0.173,0.827,0.0,113532292
-0.4215,0.083,0.917,0.0,112422094
-0.5267,0.298,0.702,0.0,108661192
-0.6402,0.367,0.633,0.0,102748815
0.9593,0.031,0.757,0.212,102157828
0.9515,0.106,0.693,0.201,102064615
0.9904,0.058,0.755,0.187,101904029
-0.5574,0.783,0.217,0.0,101546870
0.6235,0.152,0.633,0.215,100112947
-0.2922,0.142,0.717,0.141,99801275
-0.8581,0.253,0.747,0.0,63840205
-0.2755,0.26,0.74,0.0,59411603
-0.6908,0.54,0.46,0.0,57309652
0.9644,0.06,0.795,0.145,56989463
0.3818,0.0,0.794,0.206,55476373
-0.3503,0.13,0.761,0.109,55453371
-0.5859,0.167,0.678,0.156,55448526
0.0,0.0,1.0,0.0,55413081
0.6124,0.05,0.788,0.162,55408490
0.9901,0.009,0.877,0.113,55336527
0.9833,0.052,0.692,0.256,55326323
-0.2755,0.075,0.925,0.0,110789961
-0.4134,0.07,0.87,0.06,55288506
0.9045,0.112,0.57,0.318,79687824
-0.5692,0.335,0.56,0.106,67564044
0.7555,0.058,0.798,0.144,52204895
0.9448,0.048,0.762,0.189,51293580
0.9589,0.042,0.562,0.395,51084118
0.0,0.0,1.0,0.0,50725651
0.9926,0.026,0.794,0.179,50648963
0.2984,0.026,0.911,0.063,50554865
0.9925,0.109,0.736,0.155,54862878
0.8421,0.054,0.825,0.121,54754066
0.34,0.0,0.897,0.103,54543750
0.9353,0.057,0.828,0.115,54507477
0.5355,0.174,0.53,0.296,84197012
-0.3947,0.148,0.772,0.08,153898651
0.8942,0.064,0.795,0.141,144550965
0.4939,0.161,0.612,0.227,140051039
-0.7351,1.0,0.0,0.0,137191690
-0.3359,0.132,0.819,0.048,134672258
0.9641,0.076,0.768,0.156,134182133
0.3941,0.151,0.687,0.162,133546087
0.7706,0.029,0.914,0.057,132773986
-0.8625,0.242,0.758,0.0,132616936
0.2058,0.149,0.674,0.177,132197708
0.7227,0.111,0.633,0.256,133297672
0.9867,0.029,0.742,0.228,119554212
0.0,0.0,1.0,0.0,116825133
-0.7419,0.128,0.841,0.031,101684737
-0.431,0.174,0.65,0.176,101516102
0.2382,0.058,0.864,0.078,101503423
0.9952,0.051,0.742,0.207,95754192
-0.2755,0.105,0.895,0.0,95294819
0.4005,0.028,0.901,0.072,95202831
0.0,0.0,1.0,0.0,94255106
0.9072,0.061,0.802,0.137,93891431
-0.9891,0.182,0.689,0.129,93853977
0.2755,0.096,0.792,0.112,91962408
0.8834,0.0,0.767,0.233,91656712
0.9477,0.089,0.615,0.296,91084173
-0.0721,0.138,0.728,0.134,91054305
0.8028,0.085,0.804,0.112,90988795
-0.875,0.097,0.813,0.09,90897167
0.8604,0.061,0.767,0.172,89456891
0.4588,0.078,0.804,0.118,79609717
0.9942,0.024,0.799,0.178,79215099
-0.9956,0.125,0.784,0.091,79080518
0.9478,0.133,0.713,0.154,76380786
0.973,0.047,0.547,0.406,75602047
0.8887,0.015,0.882,0.103,74567051
-0.8261,0.11,0.848,0.042,74551939
0.6555,0.092,0.799,0.109,71383533
0.9353,0.121,0.654,0.226,69892201
0.9984,0.074,0.646,0.28,69012764
0.989,0.069,0.763,0.168,67631662
0.5983,0.0,0.648,0.352,67139599
0.4926,0.0,0.738,0.262,66617649
0.4282,0.055,0.789,0.156,63578441
0.3071,0.089,0.769,0.142,63131968
0.9021,0.091,0.756,0.154,56241846
0.6808,0.0,0.663,0.337,55976407
0.7776,0.046,0.833,0.12,55796045
-0.9019,0.08,0.852,0.068,55794896
0.7263,0.0,0.663,0.337,55791211
0.9403,0.044,0.828,0.128,55790420
0.0,0.0,1.0,0.0,55786140
-0.9132,0.197,0.768,0.035,55782680
0.9343,0.0,0.456,0.544,55781743
0.9843,0.07,0.797,0.133,55778072
0.9932,0.09,0.759,0.151,55776446
0.2668,0.136,0.757,0.107,55765298
0.996,0.073,0.771,0.156,55754301
0.6543,0.141,0.653,0.205,55752078
0.975,0.103,0.665,0.232,55741884
0.0,0.0,1.0,0.0,55741598
0.9067,0.083,0.746,0.172,55737231
-0.8003,0.208,0.666,0.126,55723719
-0.2817,0.188,0.727,0.085,55710460
0.6114,0.026,0.898,0.076,55661501
0.8342,0.039,0.818,0.143,55661490
0.7964,0.076,0.786,0.138,55659085
-0.9834,0.189,0.702,0.109,55657467
-0.6154,0.116,0.779,0.105,55651421
0.8422,0.087,0.712,0.201,55650049
-0.9712,0.244,0.628,0.128,55646978
0.8497,0.103,0.746,0.15,55646905
0.4482,0.088,0.761,0.151,55643971
-0.47,0.176,0.824,0.0,55640081
-0.9193,0.067,0.881,0.052,55636927
-0.25,0.118,0.882,0.0,55635728
0.5967,0.044,0.859,0.097,55634911
0.9947,0.039,0.598,0.363,55634903
-0.6825,0.214,0.786,0.0,55634732
-0.4215,0.149,0.851,0.0,55634621
0.7264,0.0,0.736,0.264,55631065
-0.7474,0.135,0.792,0.074,55631029
0.6275,0.066,0.746,0.189,109429510
0.7951,0.055,0.808,0.137,72765424
-0.9953,0.213,0.68,0.107,50245636
0.0,0.0,1.0,0.0,52505245
0.8248,0.038,0.792,0.17,51005880
0.8695,0.122,0.741,0.137,49246118
0.9028,0.092,0.743,0.164,61657292
0.9638,0.06,0.67,0.27,61477737
0.978,0.114,0.676,0.21,60013523
0.6189,0.086,0.79,0.124,49271671
0.4983,0.132,0.717,0.151,92158177
0.8916,0.136,0.682,0.182,50983626
-0.6943,0.135,0.725,0.14,86431211
0.9938,0.063,0.749,0.188,49494978
0.6407,0.03,0.909,0.061,115580078
0.692,0.047,0.865,0.088,114735873
-0.2755,0.1,0.9,0.0,107164316
0.5459,0.038,0.874,0.089,100084790
-0.3145,0.272,0.552,0.175,96622086
-0.8406,0.137,0.815,0.047,95667166
0.0,0.0,1.0,0.0,94410015
0.9413,0.0,0.85,0.15,93576317
-0.9153,0.301,0.699,0.0,92739223
0.0,0.0,1.0,0.0,92363556
-0.8316,0.404,0.596,0.0,91991647
0.1511,0.296,0.341,0.363,78159346
0.9747,0.076,0.725,0.2,78109821
-0.9456,0.183,0.737,0.08,77352637
0.9987,0.084,0.693,0.223,76738700
0.4433,0.052,0.889,0.058,76738114
0.9717,0.088,0.766,0.146,76689151
0.9163,0.087,0.812,0.101,76683595
-0.4754,0.115,0.82,0.066,76682024
-0.9713,0.158,0.807,0.035,76666487
-0.0772,0.196,0.629,0.175,76649913
0.9133,0.042,0.809,0.149,76638183
0.8027,0.053,0.854,0.093,76631804
-0.3709,0.06,0.908,0.032,76628440
-0.5018,0.098,0.861,0.041,76620207
0.9512,0.056,0.857,0.087,76616740
0.5634,0.079,0.833,0.088,76599031
-0.6705,0.2,0.8,0.0,76595200
-0.9941,0.165,0.72,0.115,76592962
-0.1263,0.276,0.488,0.236,76591413
0.98,0.134,0.692,0.174,76583011
-0.2337,0.098,0.828,0.074,76582858
-0.7917,0.077,0.883,0.041,76580792
-0.5423,0.179,0.821,0.0,76565305
0.8502,0.0,0.85,0.15,76563290
-0.2792,0.127,0.759,0.115,76550590
-0.8158,0.132,0.828,0.04,49295500
-0.8386,0.125,0.875,0.0,72411502
0.0305,0.131,0.751,0.118,77533832
-0.6913,0.181,0.694,0.125,75509099
0.9795,0.103,0.756,0.141,69537752
0.8803,0.102,0.688,0.21,67507859
0.88,0.114,0.741,0.144,65953884
0.9604,0.062,0.769,0.169,64782197
0.9076,0.037,0.819,0.144,61837780
0.6124,0.037,0.872,0.09,60952307
0.7878,0.083,0.796,0.121,49426734
-0.1602,0.112,0.799,0.088,125596434
0.6122,0.073,0.813,0.114,125554471
-0.978,0.197,0.734,0.07,125288527
-0.0927,0.236,0.596,0.168,125132969
0.9309,0.038,0.847,0.116,124912084
-0.4588,0.375,0.625,0.0,124533324
0.9485,0.054,0.781,0.165,124148470
-0.9223,0.194,0.788,0.019,124036913
0.68,0.074,0.703,0.223,123953622
0.7365,0.106,0.691,0.203,123702070
-0.395,0.134,0.779,0.087,123631882
0.784,0.211,0.314,0.475,123442020
-0.3291,0.048,0.952,0.0,123438279
0.9595,0.0,0.664,0.336,123257821
-0.34,0.18,0.711,0.109,123022931
-0.2091,0.067,0.886,0.047,122948489
0.5106,0.0,0.377,0.623,122521378
-0.1531,0.151,0.849,0.0,122399791
-0.7213,0.227,0.773,0.0,122331895
0.3716,0.0,0.756,0.244,122230689
0.0,0.0,1.0,0.0,122152428
0.6105,0.059,0.835,0.106,122118094
-0.6853,0.128,0.798,0.074,121840126
0.8735,0.0,0.446,0.554,121826348
-0.4019,0.231,0.649,0.12,121705822
0.9711,0.047,0.779,0.174,121644051
-0.9088,0.194,0.703,0.103,121624616
0.9807,0.076,0.802,0.123,121619432
-0.092,0.066,0.874,0.061,121616029
0.5574,0.067,0.814,0.119,121553654
0.7404,0.0,0.916,0.084,121483499
0.7524,0.058,0.845,0.097,121300564
0.4651,0.056,0.823,0.12,121286611
-0.1869,0.135,0.752,0.113,120943196
0.5193,0.067,0.831,0.102,120907276
0.9307,0.028,0.794,0.177,120511919
0.9931,0.046,0.81,0.143,120240407
0.0,0.0,1.0,0.0,120043424
0.8834,0.047,0.648,0.304,119838723
0.7225,0.098,0.763,0.14,119821830
0.8674,0.0,0.48,0.52,119647921
0.6808,0.0,0.725,0.275,119561872
-0.5106,0.235,0.765,0.0,119410697
-0.705,0.255,0.668,0.077,119218584
0.0,0.0,1.0,0.0,119190821
0.9361,0.043,0.807,0.15,118990008
0.9842,0.099,0.75,0.15,118918983
0.9336,0.016,0.838,0.146,118637210
0.6705,0.0,0.756,0.244,118612665
0.9931,0.049,0.662,0.289,118527238
0.6249,0.105,0.576,0.319,118480503
0.0,0.0,1.0,0.0,118472276
0.9347,0.0,0.275,0.725,118378255
0.9422,0.0,0.806,0.194,118302438
0.0,0.0,1.0,0.0,118298820
0.9736,0.017,0.658,0.325,118264112
0.6249,0.0,0.494,0.506,118217796
0.9852,0.039,0.688,0.273,118099278
0.9421,0.0,0.43,0.57,118011529
0.7397,0.0,0.242,0.758,117943413
-0.9561,0.2,0.708,0.092,117942534
0.6597,0.056,0.797,0.148,117908882
0.9809,0.04,0.732,0.227,117907324
0.9097,0.103,0.61,0.287,117886165
0.6438,0.057,0.854,0.089,117818715
0.6249,0.0,0.196,0.804,117735732
0.7165,0.0,0.401,0.599,117730331
0.9906,0.033,0.876,0.091,117687591
0.6708,0.035,0.891,0.073,117463446
0.7801,0.0,0.584,0.416,117427120
0.8638,0.047,0.819,0.134,117245920
0.8564,0.109,0.619,0.272,117245833
0.0,0.0,1.0,0.0,117168344
0.976,0.0,0.568,0.432,117163204
0.9649,0.01,0.88,0.111,117097108
0.2732,0.293,0.267,0.44,117096090
0.3612,0.0,0.95,0.05,117090457
-0.8599,0.09,0.847,0.063,117077417
0.8807,0.0,0.588,0.412,117070468
0.9866,0.024,0.842,0.134,117044539
0.4404,0.0,0.256,0.744,117042048
0.5112,0.0,0.93,0.07,117038170
0.0,0.0,1.0,0.0,117031864
0.0,0.0,1.0,0.0,117009881
0.7906,0.069,0.639,0.292,116996966
0.9433,0.037,0.724,0.239,116975640
-0.3641,0.131,0.795,0.074,116952460
0.9753,0.015,0.671,0.314,116948913
0.7351,0.0,0.244,0.756,116872351
-0.2162,0.178,0.67,0.153,116869481
0.8619,0.0,0.576,0.424,116852576
-0.7906,0.318,0.682,0.0,116791131
0.8089,0.067,0.701,0.232,116772095
-0.3818,0.063,0.88,0.057,116753676
0.9618,0.0,0.597,0.403,116752853
0.8473,0.0,0.495,0.505,116747983
-0.7364,0.205,0.795,0.0,116739965
0.9222,0.046,0.777,0.178,116680970
-0.9733,0.104,0.808,0.087,116675462
0.0,0.0,1.0,0.0,116614772
0.0,0.0,1.0,0.0,116592365
-0.691,0.086,0.876,0.038,116589483
0.4939,0.0,0.724,0.276,116563772
0.891,0.0,0.509,0.491,116475920
0.5954,0.0,0.341,0.659,116436722
0.6808,0.0,0.815,0.185,116426926
0.7599,0.051,0.81,0.138,116392634
0.7099,0.072,0.743,0.185,116391470
-0.9478,0.188,0.812,0.0,116316486
0.9776,0.018,0.783,0.199,116278360
0.9752,0.0,0.697,0.303,116275118
0.6213,0.0,0.424,0.576,116248934
0.9603,0.094,0.764,0.142,116209137
0.8402,0.043,0.785,0.171,116199289
-0.0387,0.052,0.875,0.072,116171322
0.6369,0.0,0.192,0.808,116087525
0.8094,0.096,0.765,0.139,116055925
0.2671,0.099,0.763,0.138,116021816
0.9858,0.0,0.726,0.274,115831030
0.8807,0.0,0.517,0.483,115805224
0.9819,0.021,0.75,0.229,115732026
0.9978,0.048,0.788,0.164,115727753
0.9547,0.0,0.463,0.537,115715513
0.6025,0.112,0.623,0.265,115686735
0.8835,0.0,0.493,0.507,115686010
0.9453,0.0,0.656,0.344,115674676
0.9342,0.027,0.747,0.226,115664979
0.9432,0.0,0.778,0.222,115626789
-0.4031,0.154,0.771,0.074,115589081
0.9595,0.0,0.677,0.323,115584634
0.8395,0.0,0.429,0.571,115577609
0.5671,0.059,0.842,0.098,115573849
0.4926,0.0,0.385,0.615,115569330
0.9686,0.042,0.661,0.297,115460250
0.2732,0.0,0.0,1.0,115453459
0.9275,0.05,0.809,0.141,115451365
0.9246,0.0,0.528,0.472,115413858
0.9305,0.112,0.622,0.266,115411117
-0.7193,0.115,0.792,0.093,115406861
-0.5423,0.086,0.878,0.036,115358737
0.9696,0.031,0.841,0.128,115349316
0.8226,0.125,0.707,0.168,115310599
0.6414,0.035,0.855,0.11,115303497
-0.7845,0.244,0.617,0.138,115283522
0.5106,0.0,0.68,0.32,115280158
0.0,0.0,1.0,0.0,115277553
0.4404,0.0,0.408,0.592,115266491
-0.871,0.341,0.659,0.0,115244581
0.4694,0.062,0.84,0.099,115230643
0.9751,0.059,0.813,0.128,115220901
-0.858,0.141,0.859,0.0,115215466
0.793,0.0,0.773,0.227,115205347
0.7579,0.024,0.839,0.137,115200027
0.7579,0.0,0.0,1.0,115200019
0.1037,0.119,0.76,0.121,115168487
0.3237,0.083,0.812,0.105,115167065
0.9354,0.0,0.742,0.258,115162527
0.8709,0.094,0.722,0.184,115117341
0.9215,0.031,0.847,0.122,115106834
0.4939,0.065,0.812,0.124,115096986
-0.6884,0.131,0.75,0.119,115094109
0.7964,0.0,0.22,0.78,115091732
0.9194,0.0,0.759,0.241,115076189
0.9655,0.055,0.765,0.18,115069856
0.924,0.0,0.626,0.374,115039533
-0.2023,0.103,0.791,0.106,115039450
0.9987,0.067,0.802,0.131,115031631
0.956,0.014,0.845,0.142,115022860
0.8225,0.0,0.449,0.551,115019816
-0.5072,0.093,0.832,0.075,115015904
0.9622,0.0,0.794,0.206,115011587
0.7843,0.055,0.677,0.268,114998827
0.9975,0.044,0.667,0.289,114998147
0.8834,0.071,0.676,0.253,114993896
0.8479,0.045,0.759,0.196,114991799
0.314,0.096,0.801,0.103,114986424
-0.6037,0.44,0.56,0.0,114979780
0.1796,0.154,0.678,0.169,114977790
0.9122,0.118,0.686,0.196,114968781
0.8774,0.056,0.843,0.101,114968330
0.863,0.057,0.835,0.107,114964245
0.8849,0.0,0.162,0.838,114959153
0.9612,0.0,0.828,0.172,114951602
0.0,0.0,1.0,0.0,114951285
0.9764,0.031,0.735,0.234,114946845
0.9851,0.015,0.729,0.257,114946510
0.9796,0.038,0.844,0.118,114945034
0.7563,0.081,0.817,0.102,114942876
0.8625,0.0,0.484,0.516,114942843
0.7184,0.0,0.143,0.857,114941945
-0.8433,0.112,0.81,0.079,114941834
-0.4933,0.095,0.827,0.079,114934676
-0.5007,0.104,0.844,0.052,114934037
0.7777,0.0,0.829,0.171,114930367
0.936,0.099,0.538,0.364,114929669
0.9885,0.032,0.683,0.286,114923971
0.9743,0.073,0.715,0.211,114923523
0.5106,0.0,0.0,1.0,114921460
0.9889,0.056,0.818,0.126,114921317
0.9759,0.024,0.802,0.174,114917927
0.9673,0.085,0.764,0.151,114917608
-0.5574,0.101,0.899,0.0,114917554
0.6588,0.0,0.0,1.0,114916777
0.9962,0.056,0.791,0.153,114912186
0.8775,0.07,0.729,0.201,114909290
0.9743,0.058,0.686,0.256,114907269
0.9083,0.104,0.682,0.214,114906134
0.7964,0.0,0.496,0.504,114905718
0.6486,0.0,0.739,0.261,114902649
0.9822,0.0,0.669,0.331,114896387
0.9945,0.014,0.821,0.166,114893860
0.6988,0.0,0.626,0.374,114893845
0.6901,0.0,0.9,0.1,114891732
0.9578,0.021,0.822,0.157,114891141
0.9523,0.013,0.823,0.164,114891019
0.9679,0.045,0.817,0.138,97265768
0.9391,0.068,0.754,0.178,49804142
-0.2676,0.121,0.772,0.107,49657738
-0.6472,0.125,0.79,0.085,122014415
-0.5096,0.056,0.918,0.026,109647332
0.989,0.012,0.732,0.256,98106288
0.9575,0.04,0.83,0.13,97443035
0.4041,0.229,0.405,0.366,50201374
-0.5719,0.649,0.351,0.0,50036689
0.9927,0.094,0.648,0.258,54798943
0.9816,0.077,0.693,0.23,50844816
0.966,0.107,0.708,0.185,112898404
0.7495,0.129,0.631,0.24,49947533
0.2656,0.094,0.75,0.156,49624637
0.7887,0.0,0.463,0.537,49602711
0.9622,0.02,0.687,0.293,49592135
0.9353,0.0,0.761,0.239,49548966
0.4939,0.0,0.238,0.762,54588885
0.5719,0.0,0.734,0.266,78490132
-0.9962,0.149,0.766,0.085,64437655
0.8286,0.121,0.697,0.182,58797969
0.94,0.118,0.745,0.137,54081134
-0.8525,0.168,0.725,0.107,53853701
0.3237,0.058,0.841,0.101,49959528
-0.6808,0.337,0.663,0.0,103174260
0.9958,0.011,0.732,0.257,100095904
0.3182,0.259,0.415,0.326,99911400
0.9704,0.075,0.732,0.193,97588926
0.8481,0.0,0.674,0.326,97574670
0.5719,0.0,0.887,0.113,97263581
0.9956,0.109,0.712,0.179,97211218
0.4939,0.0,0.385,0.615,83513395
-0.5622,0.167,0.735,0.099,83175606
0.9034,0.224,0.432,0.344,81559083
0.993,0.016,0.671,0.313,81114796
-0.5953,0.134,0.761,0.105,77185248
-0.9957,0.175,0.713,0.112,76981046
0.0938,0.103,0.808,0.089,76302827
0.7432,0.094,0.746,0.161,74902079
-0.9968,0.169,0.755,0.076,74744643
0.9109,0.0,0.687,0.313,74622317
0.4529,0.139,0.693,0.168,74537098
0.5187,0.0,0.873,0.127,74515282
-0.976,0.292,0.644,0.064,74391790
0.4404,0.0,0.861,0.139,74284106
0.9953,0.089,0.776,0.135,74278682
0.9097,0.087,0.788,0.125,92688625
0.9378,0.102,0.756,0.142,92678567
0.0751,0.041,0.902,0.058,92623242
-0.9967,0.149,0.787,0.064,122545628
-0.2748,0.231,0.769,0.0,82977755
-0.2023,0.272,0.515,0.213,96639065
0.0785,0.055,0.865,0.08,92076947
-0.7167,0.23,0.77,0.0,90749723
-0.1027,0.13,0.87,0.0,90330393
0.8257,0.093,0.764,0.144,81513421
0.9962,0.089,0.57,0.341,115703538
-0.7351,0.211,0.789,0.0,106138953
0.34,0.0,0.789,0.211,99136243
-0.8991,0.646,0.354,0.0,91504140
-0.9726,0.122,0.765,0.113,90174534
-0.9343,0.124,0.85,0.027,90161322
0.8296,0.106,0.751,0.144,89043934
0.4389,0.0,0.879,0.121,87837944
-0.9958,0.25,0.654,0.096,87349722
0.9711,0.1,0.665,0.235,86939355
0.9836,0.017,0.732,0.25,75231733
-0.462,0.152,0.71,0.138,74484846
0.8858,0.027,0.792,0.181,73012366
0.0371,0.114,0.781,0.106,66062571
0.2023,0.084,0.797,0.119,65503275
0.593,0.145,0.683,0.172,54044189
0.6882,0.073,0.813,0.114,51091016
0.7125,0.098,0.737,0.165,51055537
-0.6862,0.072,0.868,0.06,51054762
0.7747,0.043,0.874,0.083,51053858
0.3506,0.0,0.723,0.277,55067992
0.9515,0.022,0.79,0.188,122389932
0.705,0.0,0.732,0.268,109271879
0.1555,0.051,0.879,0.07,106473653
0.4393,0.144,0.458,0.398,69206644
0.8422,0.025,0.871,0.103,67527175
0.9715,0.066,0.798,0.137,65845942
0.3352,0.111,0.751,0.138,133897168
-0.1901,0.089,0.866,0.045,114763582
-0.571,0.125,0.783,0.092,114636430
-0.6467,0.248,0.752,0.0,114630048
0.7506,0.0,0.748,0.252,114971159
0.4555,0.039,0.868,0.093,55712136
-0.9497,0.193,0.739,0.068,159039635
0.8035,0.089,0.775,0.136,155923134
0.9039,0.111,0.662,0.227,154039281
0.9963,0.062,0.794,0.143,142564417
0.9329,0.095,0.774,0.131,140748249
0.9866,0.089,0.769,0.142,140157706
0.3646,0.163,0.676,0.161,137724851
0.3998,0.115,0.763,0.121,131710504
-0.7717,0.221,0.628,0.151,130931161
0.8528,0.114,0.752,0.134,128923299
0.9931,0.11,0.718,0.172,127479908
0.9778,0.066,0.771,0.163,120693022
0.1909,0.135,0.725,0.139,120130208
0.9559,0.071,0.772,0.157,118922260
0.9277,0.096,0.746,0.158,117866289
-0.9417,0.224,0.758,0.019,117327582
0.9862,0.058,0.649,0.293,117325595
0.8176,0.097,0.502,0.401,116439588
0.4939,0.0,0.814,0.186,116268228
-0.7269,0.095,0.866,0.039,116046723
0.9894,0.093,0.655,0.251,115583457
0.0045,0.163,0.66,0.177,115561565
0.9243,0.082,0.814,0.104,115269362
0.4927,0.0,0.653,0.347,114953739
0.739,0.15,0.341,0.508,114801793
0.4289,0.124,0.748,0.128,114370404
-0.1363,0.104,0.781,0.115,113723507
-0.8745,0.141,0.746,0.113,113641829
0.8926,0.029,0.769,0.202,113351097
0.8944,0.121,0.723,0.156,113252866
-0.9592,0.208,0.681,0.111,113234139
-0.5873,0.328,0.546,0.126,113226940
0.9959,0.104,0.699,0.197,113217185
0.938,0.128,0.647,0.224,113197020
-0.3578,0.183,0.65,0.167,113192354
0.0,0.0,1.0,0.0,113139980
0.9938,0.061,0.69,0.249,113138130
-0.9534,0.199,0.651,0.15,113120436
-0.6578,0.075,0.907,0.018,113010220
0.91,0.039,0.698,0.263,111609596
-0.9883,0.282,0.705,0.013,111607329
-0.2542,0.152,0.692,0.156,106881628
0.0,0.0,1.0,0.0,106425372
-0.5085,0.201,0.685,0.114,106147167
-0.7715,0.174,0.701,0.125,102139605
0.8745,0.124,0.707,0.169,100803889
0.9047,0.098,0.729,0.173,97510658
0.8769,0.0,0.684,0.316,96239046
-0.4828,0.239,0.645,0.116,89918237
-0.9678,0.218,0.646,0.136,86925762
0.7596,0.083,0.798,0.119,85837979
-0.3775,0.084,0.83,0.086,85612625
-0.9185,0.164,0.717,0.119,85485829
-0.9028,0.241,0.668,0.091,84127682
0.9265,0.042,0.767,0.191,82889856
0.7197,0.102,0.782,0.116,82717321
0.8439,0.074,0.807,0.119,82397315
-0.9578,0.221,0.708,0.071,79758041
0.8622,0.082,0.69,0.228,78752935
-0.9507,0.122,0.782,0.096,78734076
0.5563,0.0,0.218,0.782,76447520
0.0,0.0,1.0,0.0,75888164
-0.7147,0.21,0.676,0.114,74688707
-0.9529,0.158,0.728,0.114,71689270
0.9954,0.047,0.717,0.236,70555747
0.9806,0.022,0.773,0.205,70196781
0.5065,0.162,0.618,0.22,69439807
0.6059,0.103,0.712,0.185,68216163
-0.979,0.211,0.67,0.119,65786998
-0.928,0.183,0.765,0.052,64801543
0.0441,0.152,0.693,0.154,64635313
-0.1188,0.113,0.772,0.116,63414294
0.9091,0.058,0.763,0.179,62976482
-0.9483,0.163,0.733,0.104,62422348
0.9247,0.084,0.798,0.118,61989770
0.99,0.045,0.748,0.207,60475718
-0.911,0.261,0.558,0.181,60054519
-0.9609,0.169,0.7,0.132,55491542
-0.9639,0.266,0.581,0.153,55159021
-0.9987,0.266,0.649,0.085,54988648
-0.6202,0.287,0.57,0.143,54889918
-0.9045,0.193,0.717,0.09,54584121
0.9572,0.112,0.742,0.146,54397980
0.9576,0.109,0.715,0.176,54371603
0.3612,0.0,0.762,0.238,54316632
-0.9999,0.253,0.661,0.087,54257053
0.952,0.106,0.657,0.237,54222658
0.8151,0.0,0.686,0.314,54220392
0.9568,0.058,0.715,0.227,54204511
0.9944,0.077,0.739,0.184,54203576
-0.9963,0.172,0.749,0.08,54202415
-0.3269,0.161,0.681,0.158,54198221
0.4404,0.0,0.633,0.367,54185906
0.8946,0.114,0.75,0.136,54179630
0.9537,0.05,0.743,0.207,54177045
0.9225,0.029,0.83,0.142,54172006
0.9274,0.0,0.583,0.417,54170914
0.7906,0.0,0.704,0.296,54163818
0.1794,0.11,0.754,0.136,54163714
0.3388,0.142,0.708,0.151,54157356
-0.8689,0.247,0.668,0.085,54157171
0.0,0.0,1.0,0.0,54156914
0.827,0.065,0.839,0.096,54155684
0.7731,0.134,0.72,0.146,54153544
0.91,0.0,0.737,0.263,54150388
0.7003,0.076,0.746,0.178,54141255
0.9811,0.011,0.835,0.153,54140928
-0.8754,0.118,0.77,0.112,54136894
0.9555,0.046,0.717,0.237,54136871
0.7529,0.089,0.782,0.129,54136131
-0.5162,0.201,0.625,0.175,54134537
0.9485,0.055,0.848,0.097,116803963
0.0,0.0,1.0,0.0,157142788
0.6671,0.072,0.797,0.131,153525646
0.9235,0.0,0.715,0.285,136936619
0.8072,0.071,0.794,0.134,134180583
-0.8807,0.212,0.788,0.0,131896402
-0.6675,0.132,0.868,0.0,131896399
0.4767,0.0,0.853,0.147,130125529
0.8608,0.0,0.825,0.175,117099007
0.3612,0.0,0.865,0.135,116924368
0.9357,0.078,0.728,0.194,116008936
0.8513,0.105,0.511,0.384,114593367
0.8092,0.094,0.777,0.129,108297723
0.8162,0.0,0.774,0.226,106927329
0.9808,0.082,0.772,0.146,105717737
0.9478,0.061,0.741,0.199,101463244
-0.1287,0.118,0.775,0.107,99286116
0.0,0.0,1.0,0.0,98495407
-0.0127,0.077,0.848,0.075,98279144
0.989,0.039,0.712,0.249,98207776
0.0,0.0,1.0,0.0,98151925
-0.5613,0.262,0.738,0.0,93988690
0.9903,0.032,0.812,0.155,65196319
0.9792,0.032,0.833,0.135,64989614
-0.7525,0.159,0.727,0.114,64984337
0.9802,0.034,0.67,0.296,64930317
0.9198,0.052,0.741,0.206,57247115
0.2732,0.204,0.584,0.212,51434858
0.9964,0.053,0.758,0.189,50902196
-0.296,0.216,0.784,0.0,50783897
0.7579,0.038,0.818,0.144,50337799
-0.7149,0.18,0.762,0.058,50195092
0.4404,0.0,0.0,1.0,87008359
-0.8993,0.157,0.774,0.069,75621139
0.8176,0.074,0.606,0.32,80810081
0.9111,0.092,0.788,0.12,80779600
-0.8925,0.198,0.771,0.031,72103678
0.128,0.168,0.629,0.203,70684003
-0.4767,0.154,0.846,0.0,67597284
0.6369,0.03,0.877,0.094,63362301
0.7339,0.0,0.721,0.279,62760531
-0.1779,0.131,0.784,0.085,62105965
-0.9632,0.127,0.761,0.113,61939881
0.968,0.083,0.735,0.182,61929860
0.918,0.0,0.784,0.216,61784023
0.5403,0.133,0.671,0.196,61748195
0.9425,0.104,0.721,0.175,61730136
0.3612,0.13,0.628,0.242,61639871
0.9584,0.0,0.829,0.171,148627109
0.3802,0.056,0.837,0.107,158094837
-0.4687,0.14,0.737,0.123,95119777
0.6661,0.131,0.709,0.16,92469253
0.9983,0.096,0.638,0.266,92359392
0.8759,0.063,0.723,0.214,87334713
-0.7258,0.233,0.726,0.041,87120278
-0.4614,0.105,0.825,0.07,86570996
0.3612,0.0,0.921,0.079,85602046
0.1651,0.111,0.768,0.121,84797354
0.969,0.074,0.772,0.153,84368336
0.9505,0.039,0.827,0.134,83245077
-0.2278,0.167,0.699,0.134,81315502
0.9789,0.117,0.64,0.243,78028709
0.9162,0.068,0.789,0.143,73947185
-0.1531,0.284,0.49,0.225,64309702
0.9903,0.066,0.802,0.131,64250157
0.0,0.0,1.0,0.0,98863238
0.0,0.0,1.0,0.0,98102153
0.1779,0.137,0.686,0.177,97615752
0.4939,0.127,0.691,0.182,97205680
0.9432,0.032,0.677,0.291,75192550
-0.8752,0.455,0.545,0.0,75178915
-0.4473,0.114,0.821,0.064,75156836
-0.3804,0.191,0.809,0.0,75142469
0.3041,0.086,0.819,0.095,75134357
0.0,0.0,1.0,0.0,75130781
0.9635,0.013,0.804,0.183,75130108
-0.9159,0.111,0.889,0.0,75128603
0.0,0.0,1.0,0.0,75124063
0.8316,0.0,0.204,0.796,75105169
-0.8402,0.209,0.791,0.0,75035812
0.8271,0.142,0.6,0.258,75016556
-0.6486,0.518,0.482,0.0,75003716
0.7391,0.073,0.666,0.262,75002267
0.9755,0.066,0.767,0.167,74927723
0.6369,0.0,0.488,0.512,74549497
-0.296,0.688,0.312,0.0,74546773
-0.9346,0.155,0.715,0.13,74488713
-0.0772,0.172,0.67,0.158,74250398
-0.914,0.177,0.823,0.0,74233315
0.955,0.0,0.629,0.371,73997974
0.9213,0.069,0.772,0.159,73926606
0.0,0.0,1.0,0.0,73926031
-0.832,0.13,0.847,0.023,73688950
0.5913,0.132,0.669,0.198,73675207
0.618,0.161,0.598,0.241,73673544
-0.8797,0.279,0.629,0.092,73661632
0.2263,0.421,0.0,0.579,73582491
-0.9011,0.15,0.795,0.055,73552085
-0.6369,0.512,0.357,0.131,73543866
0.9129,0.014,0.898,0.088,73522934
-0.8955,0.138,0.777,0.084,73443544
0.9208,0.043,0.719,0.238,73433630
0.98,0.051,0.831,0.118,73398255
0.8547,0.101,0.298,0.601,73391678
0.4926,0.0,0.61,0.39,73301734
0.0,0.0,1.0,0.0,73280063
-0.5647,0.205,0.795,0.0,73263558
0.3947,0.197,0.503,0.3,73228507
-0.3145,0.201,0.615,0.184,73183148
0.6059,0.067,0.671,0.262,73166004
0.7184,0.135,0.449,0.416,73158124
0.9829,0.129,0.664,0.207,73128478
-0.7876,0.314,0.686,0.0,73125960
-0.2755,0.209,0.791,0.0,73108948
0.6486,0.111,0.511,0.379,73099331
-0.7045,0.108,0.867,0.025,73098867
-0.8206,0.158,0.734,0.108,73098354
0.6502,0.244,0.21,0.546,73086669
-0.3261,0.238,0.605,0.157,73083489
0.6249,0.0,0.196,0.804,73083301
0.0,0.0,1.0,0.0,73044226
-0.4838,0.248,0.643,0.108,73043391
0.508,0.0,0.766,0.234,72984336
0.9337,0.066,0.671,0.263,72982731
-0.9039,0.192,0.727,0.081,72979805
0.8606,0.068,0.775,0.157,72975110
-0.4133,0.09,0.844,0.066,72972383
-0.9696,0.22,0.684,0.096,72968504
0.8781,0.083,0.78,0.137,72962905
0.1002,0.086,0.813,0.102,72945488
0.9222,0.054,0.726,0.22,72937978
-0.3252,0.7,0.3,0.0,72932748
0.9106,0.0,0.444,0.556,72923520
-0.9966,0.149,0.742,0.109,72923259
0.3818,0.185,0.5,0.315,72916608
-0.0258,0.508,0.0,0.492,72915510
-0.8769,0.394,0.606,0.0,72915144
-0.296,0.688,0.312,0.0,72912528
-0.5551,0.321,0.442,0.237,72909626
0.1024,0.087,0.834,0.078,72906825
0.9823,0.066,0.785,0.149,72903156
-0.1132,0.07,0.871,0.059,72896071
0.7333,0.123,0.591,0.286,72890097
-0.888,0.187,0.678,0.135,72885845
0.161,0.091,0.802,0.107,72879448
0.9337,0.054,0.564,0.382,72879351
0.7089,0.0,0.71,0.29,72878768
0.5023,0.031,0.846,0.123,72873438
0.6369,0.0,0.366,0.634,72869282
0.9121,0.0,0.64,0.36,72867512
-0.5155,0.095,0.832,0.073,72867124
0.5837,0.111,0.602,0.287,72865730
-0.8639,0.139,0.76,0.101,72859185
0.9263,0.04,0.51,0.451,72858098
0.0,0.0,1.0,0.0,72857773
0.0,0.0,1.0,0.0,72854630
-0.9513,0.139,0.809,0.052,72849314
0.9865,0.027,0.738,0.235,72846704
0.1219,0.133,0.712,0.155,72827994
0.8481,0.0,0.541,0.459,72826993
0.7333,0.089,0.593,0.318,72826919
0.0,0.0,1.0,0.0,72823537
0.9791,0.059,0.761,0.18,72820977
-0.7286,0.187,0.76,0.054,72817608
0.9825,0.087,0.702,0.211,72814804
-0.8364,0.199,0.659,0.142,72814076
-0.3919,0.16,0.726,0.114,72810701
0.9474,0.094,0.775,0.132,72803087
0.9363,0.062,0.681,0.257,72802130
-0.9118,0.342,0.59,0.068,72800594
-0.9762,0.119,0.812,0.069,72799810
-0.0516,0.181,0.652,0.167,72799802
0.9606,0.105,0.697,0.198,72799275
-0.4215,0.091,0.909,0.0,72799144
0.9586,0.057,0.725,0.218,72797959
0.1561,0.153,0.712,0.135,72797905
0.3818,0.0,0.536,0.464,72796902
-0.8456,0.221,0.693,0.086,72794974
0.8573,0.0,0.589,0.411,72793584
-0.0683,0.171,0.668,0.162,72791681
0.5859,0.05,0.816,0.134,72791631
-0.8904,0.119,0.831,0.05,72788069
0.7003,0.0,0.674,0.326,72787134
0.6808,0.0,0.616,0.384,72784888
0.9428,0.13,0.661,0.209,72780726
-0.9449,0.197,0.662,0.141,72780505
0.8348,0.028,0.819,0.152,72777626
-0.1154,0.116,0.773,0.111,72774276
0.6059,0.0,0.845,0.155,72773271
0.9383,0.048,0.778,0.174,72771305
0.7263,0.128,0.641,0.231,72771014
-0.5106,0.623,0.377,0.0,72766025
0.9911,0.063,0.657,0.281,72765723
-0.99,0.193,0.708,0.099,72764839
0.9903,0.031,0.752,0.218,72764618
0.9733,0.034,0.751,0.215,72763668
0.0,0.0,1.0,0.0,72763494
0.8257,0.059,0.703,0.238,72762073
0.2263,0.047,0.854,0.099,72761102
0.1728,0.096,0.789,0.115,72760886
0.9444,0.159,0.632,0.208,72759304
-0.2755,0.161,0.839,0.0,72757533
0.0,0.0,1.0,0.0,72757095
-0.8699,0.13,0.822,0.048,72756927
0.1125,0.167,0.644,0.188,72756339
-0.4466,0.595,0.405,0.0,72755753
0.25,0.183,0.476,0.341,72755747
-0.5423,0.31,0.69,0.0,72752792
-0.7691,0.152,0.725,0.123,72751947
-0.4404,0.367,0.633,0.0,72749234
0.8994,0.105,0.746,0.149,72748850
0.5497,0.064,0.832,0.104,72748571
0.0772,0.06,0.872,0.068,72746899
0.1774,0.187,0.639,0.174,72745952
0.4601,0.088,0.744,0.168,72745723
0.4179,0.059,0.825,0.116,72745705
0.8832,0.065,0.606,0.329,72742235
-0.4497,0.322,0.453,0.224,72741883
0.8668,0.016,0.821,0.163,72741741
0.5859,0.0,0.925,0.075,72740252
0.9731,0.036,0.575,0.39,50836956
0.9272,0.044,0.564,0.392,50766937
-0.296,0.091,0.909,0.0,50497861
0.0514,0.113,0.721,0.166,51069684
0.978,0.097,0.645,0.258,50989425
0.7454,0.077,0.789,0.134,161108555
-0.5423,0.412,0.588,0.0,160341953
0.9585,0.046,0.822,0.133,160330323
0.946,0.079,0.666,0.255,159943886
0.9257,0.063,0.804,0.133,158687208
-0.5549,0.128,0.767,0.106,158549691
0.6032,0.121,0.735,0.144,158100972
0.9668,0.03,0.834,0.136,157939884
-0.7652,0.313,0.597,0.09,157622589
0.95,0.034,0.689,0.276,157606093
0.3252,0.0,0.811,0.189,157311481
0.8885,0.084,0.735,0.181,157274353
0.4158,0.0,0.835,0.165,156876153
0.9117,0.038,0.707,0.255,156509442
-0.5386,0.166,0.742,0.092,155357510
-0.6406,0.164,0.709,0.127,155269778
-0.788,0.216,0.74,0.044,154487223
-0.4615,0.081,0.864,0.055,153508907
0.9927,0.031,0.739,0.23,152771329
0.8166,0.104,0.603,0.292,150330616
0.0,0.0,1.0,0.0,148807079
0.6801,0.096,0.643,0.261,148625092
-0.7272,0.127,0.846,0.027,148318241
-0.2946,0.129,0.786,0.086,147935804
-0.34,0.107,0.893,0.0,145167431
0.2846,0.0,0.893,0.107,144950933
0.0,0.0,1.0,0.0,144552921
0.7351,0.0,0.872,0.128,142672862
0.4003,0.0,0.788,0.212,142606157
0.0,0.0,1.0,0.0,142095062
0.6705,0.103,0.685,0.212,141919791
0.1027,0.243,0.495,0.262,139346945
0.5106,0.0,0.0,1.0,138973219
0.9548,0.08,0.679,0.241,138793645
0.2963,0.118,0.746,0.137,138340159
-0.3505,0.083,0.871,0.046,137690708
-0.5499,0.14,0.86,0.0,137401939
0.9848,0.038,0.687,0.275,136656103
0.2023,0.0,0.952,0.048,134915933
-0.5719,0.281,0.719,0.0,134557672
0.7845,0.0,0.796,0.204,134205608
0.0,0.0,1.0,0.0,132291444
-0.5719,0.125,0.875,0.0,130301998
0.9042,0.079,0.629,0.292,130150914
0.4019,0.0,0.0,1.0,130119007
0.7755,0.0,0.727,0.273,129956681
0.775,0.029,0.882,0.089,129286580
-0.1263,0.186,0.653,0.161,129209203
0.2012,0.099,0.76,0.141,128640982
0.6933,0.088,0.787,0.125,127593365
0.4019,0.08,0.753,0.167,125066103
0.7746,0.037,0.746,0.217,123894711
0.6206,0.0,0.849,0.151,123697391
0.992,0.053,0.812,0.136,123561268
0.0,0.0,1.0,0.0,123501940
0.9279,0.046,0.748,0.206,122240299
-0.3612,0.455,0.545,0.0,121668186
-0.4767,0.383,0.617,0.0,121410855
0.7466,0.0,0.75,0.25,121107037
0.0,0.0,1.0,0.0,120837480
-0.7096,0.218,0.69,0.093,120822624
0.9883,0.055,0.783,0.163,120158040
-0.4195,0.096,0.81,0.094,120136654
-0.0111,0.127,0.711,0.163,118828454
0.0,0.0,1.0,0.0,118282312
0.0,0.0,1.0,0.0,117909439
-0.1779,0.131,0.776,0.093,117204871
0.9203,0.0,0.782,0.218,116865138
0.8622,0.058,0.798,0.144,113273993
0.9072,0.036,0.783,0.182,113065748
-0.1779,0.27,0.511,0.219,109598614
0.81,0.055,0.845,0.1,109494902
0.802,0.043,0.809,0.149,108846139
0.0,0.0,1.0,0.0,108803697
-0.6116,0.103,0.805,0.092,108588387
-0.6261,0.422,0.578,0.0,108406908
0.4404,0.0,0.775,0.225,108354516
0.9914,0.013,0.82,0.167,107851896
0.6369,0.0,0.851,0.149,107637068
-0.5146,0.098,0.832,0.069,107449535
-0.2706,0.092,0.85,0.058,107414166
-0.9752,0.128,0.811,0.061,107381455
0.9867,0.042,0.773,0.185,107111988
0.5095,0.144,0.639,0.217,107100428
0.9331,0.03,0.786,0.183,107013684
-0.4497,0.261,0.61,0.129,106925420
0.8814,0.037,0.882,0.081,106434125
-0.9233,0.152,0.834,0.014,106262296
-0.8669,0.258,0.742,0.0,103327594
0.2492,0.039,0.882,0.078,103254261
-0.5129,0.065,0.918,0.016,103023525
-0.7753,0.184,0.723,0.093,101890465
0.3716,0.0,0.93,0.07,101676535
-0.9217,0.177,0.681,0.142,101621534
0.4854,0.0,0.829,0.171,101558341
-0.7479,0.185,0.815,0.0,101464881
0.9764,0.059,0.685,0.256,101278100
0.7268,0.134,0.694,0.172,101248611
0.9004,0.094,0.794,0.112,101212878
-0.0516,0.172,0.667,0.161,101090913
-0.9175,0.095,0.835,0.07,101086784
0.4424,0.069,0.821,0.11,100873089
0.7084,0.1,0.742,0.158,100513140
0.9563,0.059,0.814,0.127,100479602
0.0,0.0,1.0,0.0,100431369
0.8794,0.122,0.724,0.155,100391967
0.2023,0.0,0.952,0.048,100274155
0.7935,0.051,0.678,0.271,99987363
0.8776,0.017,0.916,0.066,99869633
0.9574,0.131,0.637,0.232,99705399
0.9841,0.024,0.799,0.176,99703657
-0.321,0.066,0.871,0.063,99695229
0.6283,0.064,0.79,0.145,99583927
0.6258,0.053,0.783,0.164,99544632
0.6249,0.0,0.661,0.339,99541614
-0.5994,0.206,0.794,0.0,99514637
0.3804,0.0,0.834,0.166,99511734
0.9777,0.008,0.86,0.132,99483028
0.9374,0.096,0.641,0.263,99479201
0.0076,0.144,0.74,0.115,99475292
0.5927,0.098,0.777,0.125,99471876
0.9635,0.0,0.619,0.381,99426836
0.9505,0.064,0.762,0.174,99404032
0.9686,0.0,0.474,0.526,159067568
0.3144,0.12,0.716,0.164,141176161
0.9926,0.039,0.624,0.337,138369525
-0.296,0.423,0.577,0.0,118607936
-0.9987,0.2,0.686,0.114,58088754
0.9059,0.039,0.798,0.163,98245812
0.9067,0.046,0.726,0.228,78363885
-0.0516,0.091,0.909,0.0,78321396
0.0441,0.114,0.769,0.117,78243113
0.6996,0.0,0.509,0.491,77997595
0.991,0.12,0.705,0.175,54543098
-0.9828,0.227,0.716,0.057,53374957
0.8469,0.093,0.633,0.274,51405471
0.9992,0.057,0.784,0.16,51382043
0.8911,0.122,0.696,0.182,51326283
0.9956,0.012,0.837,0.152,87778067
0.9599,0.0,0.813,0.187,78295825
0.9617,0.043,0.754,0.203,72865638
0.9098,0.023,0.872,0.104,71612280
-0.775,0.102,0.877,0.022,50513024
0.9805,0.038,0.602,0.36,60437551
0.509,0.067,0.815,0.118,60317157
-0.7251,0.11,0.861,0.029,50864606
0.9284,0.0,0.73,0.27,50849484
0.9875,0.113,0.716,0.172,61340622
-0.4767,0.154,0.846,0.0,132397043
0.3612,0.0,0.935,0.065,50586111
0.9601,0.13,0.628,0.243,61618495
0.25,0.124,0.699,0.177,61594762
0.0,0.0,1.0,0.0,61591678
0.8018,0.0,0.836,0.164,61591582
0.9026,0.067,0.702,0.231,61590722
0.9575,0.007,0.881,0.112,61590671
0.4574,0.0,0.572,0.428,61588403
0.594,0.0,0.59,0.41,61586460
-0.5753,0.169,0.73,0.101,54559589
0.6908,0.0,0.612,0.388,152721268
-0.296,0.183,0.693,0.124,149143452
-0.1531,0.417,0.238,0.345,146244244
-0.7944,0.145,0.781,0.074,144533780
0.4404,0.0,0.854,0.146,144521546
-0.9918,0.38,0.587,0.034,143424267
-0.1263,0.262,0.559,0.179,142050688
-0.5719,0.179,0.821,0.0,135059406
-0.0,0.091,0.819,0.091,129291543
0.9947,0.044,0.753,0.203,129264806
0.1718,0.054,0.897,0.049,128631061
0.34,0.072,0.783,0.145,123423562
-0.8722,0.102,0.844,0.055,122307481
-0.4404,0.097,0.866,0.037,110024616
-0.3804,0.206,0.794,0.0,101504545
0.7269,0.0,0.873,0.127,88165960
-0.0516,0.054,0.894,0.052,87998876
0.34,0.0,0.906,0.094,87648040
0.0,0.0,1.0,0.0,87640326
-0.558,0.123,0.787,0.089,87520922
-0.7839,0.122,0.774,0.104,77994574
0.9274,0.038,0.733,0.229,69581156
-0.8955,0.329,0.671,0.0,69268809
-0.1027,0.202,0.649,0.149,68831097
-0.1664,0.138,0.731,0.131,66068063
-0.6546,0.14,0.806,0.054,64951801
0.902,0.0,0.686,0.314,64390004
0.5423,0.033,0.894,0.073,63423645
0.9567,0.039,0.849,0.112,62916028
-0.5423,0.093,0.907,0.0,62800038
0.1434,0.095,0.803,0.102,62783094
-0.5795,0.088,0.855,0.057,62413053
-0.1548,0.095,0.813,0.091,62168093
0.6808,0.104,0.602,0.294,61796873
-0.9203,0.138,0.812,0.05,61761118
-0.128,0.113,0.792,0.094,57439763
0.8098,0.067,0.815,0.117,57411087
0.2732,0.0,0.968,0.032,57405301
0.7237,0.075,0.828,0.097,57288933
-0.4019,0.184,0.816,0.0,57199428
0.917,0.042,0.847,0.112,57176432
0.0,0.0,1.0,0.0,116430570
0.0,0.0,1.0,0.0,77498107
0.6908,0.171,0.476,0.352,73370406
0.9426,0.046,0.761,0.193,70228338
0.7755,0.093,0.523,0.383,69269237
0.9887,0.0,0.639,0.361,69193534
-0.34,0.156,0.844,0.0,64324471
0.0,0.0,1.0,0.0,63456713
0.9989,0.07,0.72,0.21,63298809
-0.2584,0.075,0.925,0.0,55729270
0.9852,0.0,0.55,0.45,55723243
0.9094,0.051,0.662,0.287,55695805
-0.7184,0.19,0.76,0.05,55638892
0.906,0.104,0.531,0.365,55582130
0.1263,0.057,0.871,0.072,55581225
0.7269,0.0,0.663,0.337,131410600
0.3483,0.072,0.815,0.113,128758188
0.3384,0.0,0.455,0.545,128306167
0.9804,0.038,0.806,0.157,122064533
-0.238,0.198,0.651,0.151,118936982
-0.1709,0.091,0.811,0.098,117804388
0.4261,0.06,0.798,0.142,116845340
0.8887,0.0,0.793,0.207,116683907
0.2975,0.0,0.576,0.424,110447946
0.8967,0.038,0.744,0.218,109630517
0.8868,0.0,0.434,0.566,106688632
0.0,0.0,1.0,0.0,106667888
0.9626,0.031,0.841,0.128,97560394
0.9678,0.072,0.839,0.089,94784065
0.0534,0.09,0.785,0.125,93525154
-0.9756,0.146,0.783,0.072,91163005
0.3564,0.152,0.676,0.172,90976163
0.0,0.0,1.0,0.0,90448291
0.0,0.0,1.0,0.0,89522701
